query_id,mask_ratio,clean_rank,attention_margin_drop,random_margin_drop,attention_descriptor_drift,random_descriptor_drift,attention_positive_similarity_drop,random_positive_similarity_drop,attention_rank_degradation,random_rank_degradation,attention_failure_flip,random_failure_flip,attention_hit_at_1,random_hit_at_1,attention_hit_at_5,random_hit_at_5,attention_hit_at_10,random_hit_at_10,paired_margin_difference
250,0.1,1,0.01056012511253357,0.01214911937713623,0.25530505180358887,0.1355055093765259,0.0661562979221344,0.04807158708572388,0,0.0,0,0.0,1,1.0,1,1.0,1,1.0,-0.0015889942646026608
190,0.1,1,0.029194951057434082,0.019420546293258668,0.3082770109176636,0.112880539894104,0.20629435777664185,0.06594287157058716,0,0.0,0,0.0,1,1.0,1,1.0,1,1.0,0.009774404764175414
505,0.1,1,0.08517426252365112,0.034209424257278444,0.3450014591217041,0.11755311489105225,0.06186336278915405,0.05698787569999695,2,1.2,1,0.4,0,0.6,1,1.0,1,1.0,0.05096483826637268
486,0.1,1,0.019431769847869873,0.015060514211654663,0.36365407705307007,0.15196776390075684,0.014234185218811035,0.040245848894119265,0,0.2,0,0.2,1,0.8,1,1.0,1,1.0,0.00437125563621521
72,0.1,1,0.08158296346664429,0.012238883972167968,0.2534712553024292,0.11519367694854736,0.09514462947845459,0.038422894477844236,0,0.0,0,0.0,1,1.0,1,1.0,1,1.0,0.06934407949447632
222,0.1,1,0.04770439863204956,0.015350648760795593,0.44710779190063477,0.1111989140510559,0.0787230134010315,0.03454767465591431,0,0.0,0,0.0,1,1.0,1,1.0,1,1.0,0.032353749871253966
42,0.1,1,0.022034019231796265,0.0069327116012573246,0.157082200050354,0.06030299663543701,0.017254918813705444,0.005734103918075562,0,0.0,0,0.0,1,1.0,1,1.0,1,1.0,0.01510130763053894
59,0.1,1,0.017456531524658203,0.03445561528205872,0.2303905487060547,0.13346058130264282,0.11738908290863037,0.079551100730896,0,0.0,0,0.0,1,1.0,1,1.0,1,1.0,-0.016999083757400515
598,0.1,1,0.12834660708904266,0.06308819353580475,0.3012579679489136,0.18120700120925903,0.1474415361881256,0.07014713287353516,0,0.0,0,0.0,1,1.0,1,1.0,1,1.0,0.06525841355323792
136,0.1,1,0.04677121341228485,0.021990233659744264,0.3070131540298462,0.18464968204498292,0.09836414456367493,0.04852419495582581,0,0.0,0,0.0,1,1.0,1,1.0,1,1.0,0.024780979752540587
686,0.1,1,0.1864473521709442,0.06653250753879547,0.45715367794036865,0.17220940589904785,0.1862485706806183,0.07114660739898682,0,0.0,0,0.0,1,1.0,1,1.0,1,1.0,0.11991484463214874
567,0.1,1,0.028828978538513184,0.009502750635147095,0.29089856147766113,0.10330440998077392,0.1788022816181183,0.04969933032989502,0,0.0,0,0.0,1,1.0,1,1.0,1,1.0,0.019326227903366088
343,0.1,1,0.0779363214969635,0.021788835525512695,0.2320089340209961,0.09188458919525147,0.07984751462936401,0.03745577335357666,0,0.0,0,0.0,1,1.0,1,1.0,1,1.0,0.056147485971450806
482,0.1,1,0.049859583377838135,0.018664562702178956,0.3288164734840393,0.11859849691390992,0.12113744020462036,0.0371911346912384,0,0.0,0,0.0,1,1.0,1,1.0,1,1.0,0.03119502067565918
689,0.1,1,0.08701068162918091,0.021890795230865477,0.34424781799316406,0.09668749570846558,0.15920090675354004,0.04687492847442627,0,0.0,0,0.0,1,1.0,1,1.0,1,1.0,0.06511988639831542
129,0.1,1,0.03006395697593689,0.0013671338558197022,0.29198598861694336,0.21564745903015137,0.01765689253807068,-0.02629702091217041,0,0.0,0,0.0,1,1.0,1,1.0,1,1.0,0.028696823120117187
334,0.1,1,0.1384362280368805,0.028971394896507262,0.4236871004104614,0.14467248916625977,0.2396080493927002,0.06154168844223022,0,0.0,0,0.0,1,1.0,1,1.0,1,1.0,0.10946483314037322
242,0.1,1,-0.02032729983329773,-0.008824342489242553,0.3631913661956787,0.1851416826248169,0.12821796536445618,0.0578535795211792,0,0.2,0,0.2,1,0.8,1,1.0,1,1.0,-0.011502957344055176
211,0.1,1,0.07812690734863281,0.030772876739501954,0.33063626289367676,0.1375706434249878,0.11443918943405151,0.046125733852386476,0,0.0,0,0.0,1,1.0,1,1.0,1,1.0,0.04735403060913086
315,0.1,18,0.02802005410194397,0.006440800428390503,0.11542457342147827,0.07453874349594117,-0.017708808183670044,0.006522876024246216,0,0.0,0,0.0,0,0.0,0,0.0,0,0.0,0.021579253673553466
332,0.1,1,0.012321770191192627,0.0014648735523223877,0.28192514181137085,0.07793715000152587,0.0028683841228485107,0.003760063648223877,0,0.0,0,0.0,1,1.0,1,1.0,1,1.0,0.01085689663887024
544,0.1,1,0.14068728685379028,0.0569688081741333,0.30859851837158203,0.10126045942306519,0.14183223247528076,0.04081907272338867,0,0.0,0,0.0,1,1.0,1,1.0,1,1.0,0.08371847867965698
43,0.1,1,0.06804606318473816,0.047336867451667784,0.3005855679512024,0.18381388187408448,0.08638519048690796,0.056054556369781496,0,0.0,0,0.0,1,1.0,1,1.0,1,1.0,0.020709195733070375
36,0.1,1,0.09528669714927673,0.028113043308258055,0.2675926685333252,0.10308568477630616,0.16511210799217224,0.04512655735015869,3,0.2,1,0.2,0,0.8,1,1.0,1,1.0,0.06717365384101867
245,0.1,1,0.2191009521484375,0.040594559907913205,0.3495776653289795,0.1420443058013916,0.24205219745635986,0.07077929973602295,0,0.0,0,0.0,1,1.0,1,1.0,1,1.0,0.17850639224052428
624,0.1,1,0.06195762753486633,0.03793459534645081,0.2407151460647583,0.09583742618560791,0.06566882133483887,0.02957550287246704,0,0.0,0,0.0,1,1.0,1,1.0,1,1.0,0.024023032188415526
163,0.1,2,-0.014250800013542175,-0.001341313123703003,0.3724960684776306,0.11847801208496093,0.056355252861976624,-0.005778843164443969,-1,-0.2,0,0.0,1,0.2,1,1.0,1,1.0,-0.012909486889839172
307,0.1,1,-0.002494409680366516,0.03946312665939331,0.3267366290092468,0.1876962661743164,0.02239859104156494,0.04142563343048096,0,0.0,0,0.0,1,1.0,1,1.0,1,1.0,-0.04195753633975983
525,0.1,1,0.0954766571521759,0.06363075375556945,0.2410551905632019,0.14815974235534668,0.11203378438949585,0.06742087602615357,0,0.0,0,0.0,1,1.0,1,1.0,1,1.0,0.03184590339660645
512,0.1,1,-0.004798322916030884,0.02868695855140686,0.2618408203125,0.12384364604949952,0.030051827430725098,0.04281715154647827,0,0.0,0,0.0,1,1.0,1,1.0,1,1.0,-0.03348528146743775
720,0.1,1,-0.0029447078704833984,0.006570020318031311,0.2909623384475708,0.1797919750213623,0.07535281777381897,0.03647177815437317,0,0.0,0,0.0,1,1.0,1,1.0,1,1.0,-0.009514728188514709
437,0.1,1,0.19928520917892456,0.11019939780235291,0.41910380125045776,0.29087085723876954,0.19689428806304932,0.1182433545589447,0,0.0,0,0.0,1,1.0,1,1.0,1,1.0,0.08908581137657165
258,0.1,1,0.05419403314590454,0.019861888885498048,0.2821975350379944,0.10091091394424438,0.06490945816040039,0.02012760639190674,2,1.0,1,0.8,0,0.2,1,1.0,1,1.0,0.0343321442604065
249,0.1,1,-0.036411821842193604,0.0050425887107849125,0.30111193656921387,0.16392199993133544,0.11724960803985596,0.08597112894058227,0,0.4,0,0.2,1,0.8,1,1.0,1,1.0,-0.041454410552978514
476,0.1,1,-0.033909767866134644,-0.02773756980895996,0.3498486280441284,0.2017883062362671,0.05891391634941101,0.026879167556762694,0,0.0,0,0.0,1,1.0,1,1.0,1,1.0,-0.006172198057174682
18,0.1,1,0.0163097083568573,-0.0012497305870056152,0.2586914896965027,0.10588618516921997,0.04754072427749634,0.01924717426300049,0,0.0,0,0.0,1,1.0,1,1.0,1,1.0,0.017559438943862915
358,0.1,1,0.09888103604316711,0.04597488343715668,0.2513056993484497,0.1361452579498291,0.10087838768959045,0.05512030720710755,0,0.0,0,0.0,1,1.0,1,1.0,1,1.0,0.052906152606010434
670,0.1,1,0.11088433861732483,0.03459574580192566,0.3938911557197571,0.20974931716918946,0.1721523106098175,0.095120769739151,1,0.0,1,0.0,0,1.0,1,1.0,1,1.0,0.07628859281539917
210,0.1,1,0.08328068256378174,0.04705466628074646,0.3309662342071533,0.16564804315567017,0.17160332202911377,0.0842128872871399,0,0.0,0,0.0,1,1.0,1,1.0,1,1.0,0.036226016283035276
549,0.1,1,0.08041590452194214,0.02253667712211609,0.3274914026260376,0.10308773517608642,0.10751029849052429,0.029193705320358275,0,0.0,0,0.0,1,1.0,1,1.0,1,1.0,0.05787922739982605
511,0.1,1,0.0671481192111969,0.003424280881881714,0.4518861770629883,0.2051028847694397,0.21667516231536865,0.08348798155784606,0,0.0,0,0.0,1,1.0,1,1.0,1,1.0,0.06372383832931519
473,0.1,1,0.14266344904899597,0.019094866514205933,0.440077543258667,0.1015822410583496,0.18429327011108398,0.030020546913146973,0,0.0,0,0.0,1,1.0,1,1.0,1,1.0,0.12356858253479004
608,0.1,1,0.16111896932125092,0.04365675151348114,0.3359978199005127,0.1642960786819458,0.18053004145622253,0.07179078459739685,0,0.0,0,0.0,1,1.0,1,1.0,1,1.0,0.11746221780776978
409,0.1,1,0.062063395977020264,0.016329747438430787,0.2527589797973633,0.06723041534423828,0.06156867742538452,0.01592232584953308,0,0.0,0,0.0,1,1.0,1,1.0,1,1.0,0.04573364853858948
429,0.1,1,0.1282396912574768,0.076260244846344,0.3314536213874817,0.17521296739578246,0.12268480658531189,0.08545193076133728,0,0.0,0,0.0,1,1.0,1,1.0,1,1.0,0.05197944641113281
550,0.1,1,0.16829651594161987,0.045563685894012454,0.37373852729797363,0.14053049087524414,0.18540677428245544,0.053118550777435304,0,0.0,0,0.0,1,1.0,1,1.0,1,1.0,0.12273283004760742
275,0.1,1,0.07206475734710693,0.02800810933113098,0.3562229871749878,0.12353932857513428,0.11381387710571289,0.03263818621635437,0,0.0,0,0.0,1,1.0,1,1.0,1,1.0,0.044056648015975954
613,0.1,1,0.01744753122329712,0.02293175458908081,0.2555459141731262,0.13936442136764526,0.06438499689102173,0.04204389452934265,0,0.0,0,0.0,1,1.0,1,1.0,1,1.0,-0.005484223365783691
509,0.1,3,-0.01129835844039917,-0.0021742045879364013,0.30565333366394043,0.1235584020614624,0.06813076138496399,0.014747387170791626,-2,-1.2,0,0.0,1,0.2,1,1.0,1,1.0,-0.009124153852462768
37,0.1,1,0.1030212938785553,0.01377580463886261,0.27099883556365967,0.09843319654464722,0.10096952319145203,0.012101197242736816,0,0.0,0,0.0,1,1.0,1,1.0,1,1.0,0.0892454892396927
514,0.1,1,-0.008814334869384766,0.009525179862976074,0.20212841033935547,0.0885116457939148,-0.002769172191619873,0.0069773316383361815,0,0.0,0,0.0,1,1.0,1,1.0,1,1.0,-0.01833951473236084
268,0.1,1,0.01839342713356018,-0.0029826283454895018,0.2720279097557068,0.13707752227783204,0.060042619705200195,0.010608482360839843,1,0.2,1,0.2,0,0.8,1,1.0,1,1.0,0.021376055479049683
198,0.1,1,0.10342520475387573,0.04610370397567749,0.37247949838638306,0.15670788288116455,0.1796613335609436,0.07398600578308105,0,0.0,0,0.0,1,1.0,1,1.0,1,1.0,0.05732150077819824
207,0.1,1,0.011324495077133179,0.008339542150497436,0.29918038845062256,0.10772197246551514,0.0989459753036499,0.03568090200424194,0,0.0,0,0.0,1,1.0,1,1.0,1,1.0,0.002984952926635743
454,0.1,1,0.0484776496887207,0.005421566963195801,0.23315680027008057,0.10160994529724121,0.07029902935028076,0.02177152633666992,0,0.0,0,0.0,1,1.0,1,1.0,1,1.0,0.0430560827255249
502,0.1,1,0.08713790774345398,0.0375500500202179,0.31092941761016846,0.166066312789917,0.10762929916381836,0.05545529127120972,0,0.0,0,0.0,1,1.0,1,1.0,1,1.0,0.04958785772323608
497,0.1,1,0.0804046094417572,0.03058762550354004,0.3020411729812622,0.16415575742721558,0.10862958431243896,0.0496688187122345,0,0.0,0,0.0,1,1.0,1,1.0,1,1.0,0.049816983938217166
592,0.1,1,0.0611441433429718,-0.001826012134552002,0.3090381622314453,0.08189795017242432,0.12559771537780762,0.034145689010620116,1,0.0,1,0.0,0,1.0,1,1.0,1,1.0,0.0629701554775238
105,0.1,1,0.057808756828308105,0.02913357615470886,0.4932062029838562,0.3329543709754944,0.20129626989364624,0.11549484133720397,0,0.0,0,0.0,1,1.0,1,1.0,1,1.0,0.028675180673599244
119,0.1,1,0.06839275360107422,0.027157604694366455,0.33411145210266113,0.149124813079834,0.09153807163238525,0.05097296237945557,0,0.0,0,0.0,1,1.0,1,1.0,1,1.0,0.041235148906707764
633,0.1,1,0.2559185326099396,0.0858603298664093,0.34438467025756836,0.14111073017120362,0.2569205164909363,0.08768719434738159,0,0.0,0,0.0,1,1.0,1,1.0,1,1.0,0.17005820274353028
266,0.1,1,0.03692394495010376,0.0075909137725830075,0.33278632164001465,0.08765366077423095,0.145064115524292,0.03607186675071716,0,0.0,0,0.0,1,1.0,1,1.0,1,1.0,0.02933303117752075
674,0.1,1,0.1222282350063324,0.06586382389068604,0.32874464988708496,0.17173768281936647,0.1581895649433136,0.08442864418029786,0,0.0,0,0.0,1,1.0,1,1.0,1,1.0,0.05636441111564636
394,0.1,1,0.021047323942184448,0.010485190153121948,0.25897830724716187,0.1225581169128418,0.10467490553855896,0.03719907999038696,0,0.0,0,0.0,1,1.0,1,1.0,1,1.0,0.0105621337890625
616,0.1,1,0.06352344155311584,0.021986562013626098,0.31445062160491943,0.11185622215270996,0.07106152176856995,0.044766288995742795,0,0.0,0,0.0,1,1.0,1,1.0,1,1.0,0.04153687953948974
112,0.1,1,0.09892682731151581,0.007454186677932739,0.3403761386871338,0.21869027614593506,0.181809663772583,0.09381608366966247,0,0.0,0,0.0,1,1.0,1,1.0,1,1.0,0.09147264063358307
397,0.1,1,0.0013588666915893555,0.026298636198043825,0.37818145751953125,0.1650105595588684,0.13075166940689087,0.06159325242042542,0,0.0,0,0.0,1,1.0,1,1.0,1,1.0,-0.02493976950645447
464,0.1,1,0.13201598823070526,0.03126401305198669,0.41115856170654297,0.13566004037857055,0.1612870693206787,0.03912861347198486,0,0.0,0,0.0,1,1.0,1,1.0,1,1.0,0.10075197517871856
693,0.1,1,0.07070964574813843,0.0356450080871582,0.35374367237091064,0.20224566459655763,0.17408543825149536,0.10710824131965638,2,0.8,1,0.6,0,0.4,1,1.0,1,1.0,0.035064637660980225
349,0.1,1,0.06821019947528839,0.01802912950515747,0.4542348384857178,0.11618452072143555,0.2657974362373352,0.06375566720962525,0,0.0,0,0.0,1,1.0,1,1.0,1,1.0,0.05018106997013092
487,0.1,1,0.14946922659873962,0.06727085709571838,0.43057286739349365,0.24035563468933105,0.1899023950099945,0.09705713987350464,0,0.0,0,0.0,1,1.0,1,1.0,1,1.0,0.08219836950302124
733,0.1,1,0.036220043897628784,0.021741724014282225,0.25631701946258545,0.10193402767181396,0.06997045874595642,0.0416334331035614,0,0.0,0,0.0,1,1.0,1,1.0,1,1.0,0.014478319883346559
471,0.1,20,-0.007298663258552551,0.006940630078315735,0.4009009599685669,0.11366784572601318,0.03511495888233185,0.019950905442237855,5,26.8,0,0.0,0,0.0,0,0.0,0,0.0,-0.014239293336868287
687,0.1,1,0.08491995930671692,0.032664287090301516,0.38775062561035156,0.14003939628601075,0.21911287307739258,0.07279499769210815,0,0.0,0,0.0,1,1.0,1,1.0,1,1.0,0.0522556722164154
253,0.1,1,0.01860266923904419,0.009885597229003906,0.26468420028686523,0.12644455432891846,0.09466773271560669,0.05364216566085815,0,0.0,0,0.0,1,1.0,1,1.0,1,1.0,0.008717072010040284
333,0.1,1,0.01523473858833313,0.01708862781524658,0.3576590418815613,0.16388247013092042,0.1334172487258911,0.058720701932907106,0,0.0,0,0.0,1,1.0,1,1.0,1,1.0,-0.0018538892269134508
34,0.1,67,-0.02237534523010254,0.003805980086326599,0.30362558364868164,0.21149741411209105,-0.010302603244781494,0.010559672117233276,-46,53.0,0,0.0,0,0.0,0,0.0,0,0.0,-0.026181325316429138
290,0.1,1,0.0006600916385650635,-0.011843615770339965,0.33492422103881836,0.1558459520339966,0.07558107376098633,0.019015932083129884,0,0.0,0,0.0,1,1.0,1,1.0,1,1.0,0.012503707408905029
110,0.1,1,-0.021192848682403564,0.005177098512649536,0.1596527099609375,0.08332182168960571,0.06241947412490845,0.037820637226104736,0,0.0,0,0.0,1,1.0,1,1.0,1,1.0,-0.0263699471950531
301,0.1,1,0.05099368095397949,0.02370036244392395,0.2639680504798889,0.1168962836265564,0.06370773911476135,0.03104449510574341,0,0.0,0,0.0,1,1.0,1,1.0,1,1.0,0.027293318510055543
489,0.1,1,0.19060176610946655,0.11351855397224427,0.3807556629180908,0.24001705646514893,0.21961840987205505,0.13343036770820618,0,0.0,0,0.0,1,1.0,1,1.0,1,1.0,0.07708321213722229
154,0.1,1,0.007761746644973755,0.029888549447059633,0.3055340051651001,0.19233702421188353,0.05641874670982361,0.06114791631698609,0,0.0,0,0.0,1,1.0,1,1.0,1,1.0,-0.022126802802085878
481,0.1,1,0.03112092614173889,0.002962017059326172,0.2625476121902466,0.07404675483703613,0.08189600706100464,0.01823950409889221,0,0.0,0,0.0,1,1.0,1,1.0,1,1.0,0.02815890908241272
602,0.1,9,0.10789892077445984,0.018218500912189482,0.23846983909606934,0.12151834964752198,0.07738015055656433,0.025261293351650237,537,51.2,0,0.0,0,0.0,0,0.0,0,0.2,0.08968041986227035
48,0.1,1,0.0901305079460144,0.04580339789390564,0.25946933031082153,0.2070545196533203,0.09831631183624268,0.04934471845626831,0,0.0,0,0.0,1,1.0,1,1.0,1,1.0,0.044327110052108765
192,0.1,1,0.002934962511062622,0.011972302198410034,0.3062833547592163,0.20995723009109496,0.004707112908363342,0.013673990964889526,1,2.2,1,0.6,0,0.4,1,0.8,1,1.0,-0.009037339687347412
576,0.1,1,0.003102809190750122,-0.007209497690200806,0.3097955584526062,0.09008002281188965,0.12155315279960632,0.024113184213638304,0,0.0,0,0.0,1,1.0,1,1.0,1,1.0,0.010312306880950927
350,0.1,1,0.12785036861896515,0.013283777236938476,0.518698513507843,0.0858727216720581,0.31358152627944946,0.03560583591461182,0,0.0,0,0.0,1,1.0,1,1.0,1,1.0,0.11456659138202667
527,0.1,1,0.046544790267944336,-0.0013365447521209717,0.27855682373046875,0.11506317853927613,0.06868934631347656,0.03785237669944763,0,0.0,0,0.0,1,1.0,1,1.0,1,1.0,0.04788133502006531
152,0.1,1,-0.025510340929031372,-0.0001961827278137207,0.35106682777404785,0.20941927433013915,0.12022474408149719,0.06074494123458862,0,0.0,0,0.0,1,1.0,1,1.0,1,1.0,-0.02531415820121765
66,0.1,3,-0.06513682007789612,-0.004354348778724671,0.2864132523536682,0.10313954353332519,0.02379438281059265,0.01513952910900116,-2,-0.4,0,0.0,1,0.0,1,1.0,1,1.0,-0.06078247129917145
355,0.1,1,0.04915499687194824,0.0036848664283752443,0.3643306493759155,0.10918300151824951,0.19063568115234375,0.03519829511642456,0,0.0,0,0.0,1,1.0,1,1.0,1,1.0,0.045470130443572995
589,0.1,1,0.07390928268432617,0.03934323787689209,0.35468852519989014,0.17459524869918824,0.09581896662712097,0.0429590106010437,0,0.0,0,0.0,1,1.0,1,1.0,1,1.0,0.03456604480743408
241,0.1,18,-0.028969526290893555,-0.019216370582580567,0.24943101406097412,0.12501201629638672,0.03759142756462097,0.012276595830917359,0,-5.0,0,0.0,0,0.0,0,0.0,0,0.0,-0.009753155708312988
234,0.1,1,0.03282308578491211,0.037070608139038085,0.45130181312561035,0.127155601978302,0.09997585415840149,0.05167690515518188,0,0.0,0,0.0,1,1.0,1,1.0,1,1.0,-0.004247522354125975
542,0.1,1,0.12498149275779724,0.01571865975856781,0.43982434272766113,0.16470314264297486,0.14805763959884644,0.029263532161712645,0,0.0,0,0.0,1,1.0,1,1.0,1,1.0,0.10926283299922943
22,0.1,1,0.10142740607261658,0.045147931575775145,0.3237230181694031,0.17831997871398925,0.1735069751739502,0.06576835513114929,0,0.0,0,0.0,1,1.0,1,1.0,1,1.0,0.05627947449684143
474,0.1,1,0.16518095135688782,0.0761572539806366,0.3651368021965027,0.22776715755462645,0.22411176562309265,0.13522120714187622,0,0.0,0,0.0,1,1.0,1,1.0,1,1.0,0.08902369737625122
658,0.1,1,0.16746506094932556,0.04268271923065185,0.31084340810775757,0.14088876247406007,0.1965961456298828,0.07763708233833314,0,0.0,0,0.0,1,1.0,1,1.0,1,1.0,0.12478234171867371
313,0.1,1,0.007118344306945801,0.013836514949798585,0.24706077575683594,0.17185516357421876,0.05298224091529846,0.034355825185775755,0,0.0,0,0.0,1,1.0,1,1.0,1,1.0,-0.006718170642852784
341,0.1,1,0.0754321813583374,0.05290666222572327,0.2399846315383911,0.12934571504592896,0.07738322019577026,0.03884701728820801,0,0.0,0,0.0,1,1.0,1,1.0,1,1.0,0.022525519132614136
411,0.1,1,-0.005681321024894714,0.017312830686569212,0.28602564334869385,0.1929616689682007,0.05296899378299713,0.04479210674762726,0,1.0,0,0.8,1,0.2,1,1.0,1,1.0,-0.022994151711463927
237,0.1,13088,0.017157569527626038,0.012143874168395996,0.2962651252746582,0.17690565586090087,0.01507845870219171,0.007151679461821913,2905,1832.8,0,0.0,0,0.0,0,0.0,0,0.0,0.005013695359230042
620,0.1,1,0.09957802295684814,0.01598408818244934,0.3789244294166565,0.0587141752243042,0.12359139323234558,0.019392865896224975,0,0.0,0,0.0,1,1.0,1,1.0,1,1.0,0.0835939347743988
346,0.1,1,0.08487594127655029,0.04713067412376404,0.27910923957824707,0.18786883354187012,0.10605144500732422,0.06294251680374145,0,0.0,0,0.0,1,1.0,1,1.0,1,1.0,0.037745267152786255
339,0.1,8,-0.0010569244623184204,0.00018432438373565673,0.2092304825782776,0.08054145574569702,0.002764493227005005,0.004842326045036316,-3,6.6,0,0.0,0,0.0,1,0.0,1,0.0,-0.0012412488460540772
536,0.1,1,0.08452236652374268,0.024001350998878478,0.36793357133865356,0.20701552629470826,0.1264561414718628,0.06163192391395569,0,0.0,0,0.0,1,1.0,1,1.0,1,1.0,0.0605210155248642
690,0.1,2,-0.025927722454071045,-0.012983465194702148,0.30710524320602417,0.17502306699752807,0.03903111815452576,0.03384013175964355,-1,-0.6,0,0.0,1,0.6,1,1.0,1,1.0,-0.012944257259368897
556,0.1,1,0.22938135266304016,0.031206977367401124,0.3835177421569824,0.08811554908752442,0.21719834208488464,0.028125840425491332,2,0.0,1,0.0,0,1.0,1,1.0,1,1.0,0.19817437529563903
586,0.1,1,0.21993482112884521,0.0733680009841919,0.2728745937347412,0.12173150777816773,0.1979917287826538,0.07706894874572753,0,0.0,0,0.0,1,1.0,1,1.0,1,1.0,0.14656682014465333
491,0.1,1,0.061813533306121826,0.026427531242370607,0.2606327533721924,0.12274096012115479,0.09087768197059631,0.039160966873168945,0,0.0,0,0.0,1,1.0,1,1.0,1,1.0,0.03538600206375122
713,0.1,1,0.08383084833621979,0.018159615993499755,0.3304518461227417,0.161722993850708,0.19006413221359253,0.044556689262390134,0,0.0,0,0.0,1,1.0,1,1.0,1,1.0,0.06567123234272003
587,0.1,1,0.038901716470718384,0.017994725704193117,0.32055503129959106,0.11255738735198975,0.07879143953323364,0.01246654987335205,0,0.0,0,0.0,1,1.0,1,1.0,1,1.0,0.020906990766525267
337,0.1,1,0.018398702144622803,0.009127229452133179,0.33451294898986816,0.1967751145362854,0.17756611108779907,0.08106420040130616,0,0.0,0,0.0,1,1.0,1,1.0,1,1.0,0.009271472692489624
213,0.1,1,0.062949538230896,0.017105579376220703,0.25103312730789185,0.07201015949249268,0.1435617208480835,0.0319688081741333,0,0.0,0,0.0,1,1.0,1,1.0,1,1.0,0.04584395885467529
447,0.1,1,-0.08751094341278076,-0.014961516857147217,0.28374701738357544,0.16893987655639647,0.00916600227355957,-0.011615020036697388,0,0.0,0,0.0,1,1.0,1,1.0,1,1.0,-0.07254942655563354
173,0.1,1,0.01990869641304016,0.005279308557510376,0.2707069516181946,0.08418482542037964,0.042644619941711426,0.011033713817596436,0,0.0,0,0.0,1,1.0,1,1.0,1,1.0,0.014629387855529785
189,0.1,1,0.05526664853096008,0.003181898593902588,0.3296530246734619,0.10934240818023681,0.12114119529724121,0.03429330587387085,0,0.0,0,0.0,1,1.0,1,1.0,1,1.0,0.052084749937057494
500,0.1,1,0.01139897108078003,0.006898725032806396,0.3204747438430786,0.1690516948699951,0.09353509545326233,0.03894498944282532,0,0.2,0,0.2,1,0.8,1,1.0,1,1.0,0.004500246047973633
305,0.1,1,0.049627885222435,0.00706133246421814,0.44200217723846436,0.2051740765571594,0.12363861501216888,0.03379732370376587,0,0.0,0,0.0,1,1.0,1,1.0,1,1.0,0.04256655275821686
104,0.1,1,0.017572015523910522,0.0033676624298095703,0.23394763469696045,0.06481847763061524,0.047535449266433716,0.005627971887588501,0,0.0,0,0.0,1,1.0,1,1.0,1,1.0,0.014204353094100952
357,0.1,1,0.1571236252784729,0.026966065168380737,0.3884888291358948,0.20288484096527098,0.14464211463928223,0.03661448359489441,0,0.0,0,0.0,1,1.0,1,1.0,1,1.0,0.13015756011009216
606,0.1,1,0.07360288500785828,-0.011805981397628784,0.42076575756073,0.12708704471588134,0.13207584619522095,0.03114330768585205,0,0.0,0,0.0,1,1.0,1,1.0,1,1.0,0.08540886640548706
424,0.1,1,0.08607329428195953,0.010137343406677246,0.32163941860198975,0.0734260082244873,0.02919842302799225,0.006123292446136475,0,0.0,0,0.0,1,1.0,1,1.0,1,1.0,0.0759359508752823
142,0.1,1,0.1011451780796051,0.03103039264678955,0.32580792903900146,0.07513585090637206,0.19874101877212524,0.04210660457611084,0,0.0,0,0.0,1,1.0,1,1.0,1,1.0,0.07011478543281555
519,0.1,3,-0.013967841863632202,0.00530928373336792,0.36992478370666504,0.10411021709442139,0.0637238621711731,0.011243712902069092,-2,-0.2,0,0.0,1,0.2,1,1.0,1,1.0,-0.019277125597000122
654,0.1,1,0.009514987468719482,0.008910351991653442,0.32065337896347046,0.11233621835708618,0.005147188901901245,-0.002454841136932373,0,0.0,0,0.0,1,1.0,1,1.0,1,1.0,0.0006046354770660404
302,0.1,1,0.03590679168701172,0.014137721061706543,0.2920624613761902,0.18038049936294556,0.16066324710845947,0.10381093025207519,0,0.0,0,0.0,1,1.0,1,1.0,1,1.0,0.021769070625305177
561,0.1,12,-0.07445749640464783,-0.049506747722625734,0.2195812463760376,0.17141251564025878,0.03241434693336487,0.028045082092285158,-3,-2.4,0,0.0,0,0.0,0,0.0,1,0.8,-0.024950748682022093
336,0.1,2,-0.025060266256332397,-0.0073967546224594114,0.3740784525871277,0.13031743764877318,0.08641278743743896,0.016129285097122192,-1,0.2,0,0.0,1,0.0,1,1.0,1,1.0,-0.017663511633872985
574,0.1,1,0.061392515897750854,0.012276625633239746,0.43758559226989746,0.08054721355438232,0.12864933907985687,0.013865935802459716,0,0.0,0,0.0,1,1.0,1,1.0,1,1.0,0.04911589026451111
516,0.1,1,0.0827450156211853,0.012095999717712403,0.3704288601875305,0.06807172298431396,0.1395740509033203,0.025156718492507935,0,0.0,0,0.0,1,1.0,1,1.0,1,1.0,0.0706490159034729
150,0.1,1,0.0874243676662445,0.007801961898803711,0.30883508920669556,0.1624508023262024,0.08332550525665283,0.03609076738357544,1,1.0,1,0.2,0,0.8,1,0.8,1,1.0,0.0796224057674408
709,0.1,1,0.14425945281982422,0.010687112808227539,0.3898448348045349,0.04178440570831299,0.2124197781085968,0.007641351222991944,0,0.0,0,0.0,1,1.0,1,1.0,1,1.0,0.13357234001159668
21,0.1,1,0.11075428128242493,0.024923884868621828,0.3501218557357788,0.0650465726852417,0.13315162062644958,0.018000495433807374,0,0.0,0,0.0,1,1.0,1,1.0,1,1.0,0.0858303964138031
61,0.1,1,0.01330113410949707,0.012458187341690064,0.41820597648620605,0.09343267679214477,0.30480921268463135,0.042096734046936035,0,0.0,0,0.0,1,1.0,1,1.0,1,1.0,0.0008429467678070061
143,0.1,1,-0.014715373516082764,0.014302408695220948,0.24179935455322266,0.12017562389373779,0.11804413795471191,0.0662015438079834,0,0.0,0,0.0,1,1.0,1,1.0,1,1.0,-0.02901778221130371
545,0.1,1,0.06096076965332031,0.027600413560867308,0.2799661159515381,0.13164141178131103,0.13562023639678955,0.04939697384834289,1,0.4,1,0.4,0,0.6,1,1.0,1,1.0,0.033360356092453004
420,0.1,1,0.052565932273864746,0.03303835391998291,0.40190088748931885,0.23078233003616333,0.17960309982299805,0.10254361033439637,0,0.0,0,0.0,1,1.0,1,1.0,1,1.0,0.019527578353881837
191,0.1,1,0.0011847615242004395,-0.007436531782150269,0.30800020694732666,0.14421164989471436,0.0789722204208374,0.04000058174133301,0,0.0,0,0.0,1,1.0,1,1.0,1,1.0,0.008621293306350707
363,0.1,30,0.014160126447677612,0.016403383016586302,0.2988542318344116,0.16805810928344728,0.035390257835388184,0.02576717734336853,16,2.6,0,0.0,0,0.0,0,0.0,0,0.0,-0.00224325656890869
595,0.1,1,0.009068235754966736,-0.003404378890991211,0.31307971477508545,0.23047579526901246,0.07214295864105225,0.044383269548416135,0,0.0,0,0.0,1,1.0,1,1.0,1,1.0,0.012472614645957947
458,0.1,1,-0.03712436556816101,0.0032085776329040527,0.4165080785751343,0.11836917400360107,0.23389935493469238,0.08083188533782959,0,0.0,0,0.0,1,1.0,1,1.0,1,1.0,-0.040332943201065063
30,0.1,1,0.015612274408340454,0.015210071206092834,0.3063819408416748,0.10612093210220337,0.03901100158691406,0.01925218403339386,0,0.2,0,0.2,1,0.8,1,1.0,1,1.0,0.00040220320224762
640,0.1,2,0.060957103967666626,0.003570801019668579,0.2527044415473938,0.030089354515075682,0.09564092755317688,0.011851179599761962,4,0.4,0,0.0,0,0.0,0,1.0,1,1.0,0.05738630294799805
240,0.1,1,-0.0020250678062438965,0.01027190089225769,0.2662292718887329,0.12278622388839722,0.11563622951507568,0.049262768030166625,0,0.0,0,0.0,1,1.0,1,1.0,1,1.0,-0.012296968698501587
345,0.1,1,0.055012285709381104,0.0281622052192688,0.4342290163040161,0.2514053702354431,0.06468343734741211,0.04497647285461426,0,0.0,0,0.0,1,1.0,1,1.0,1,1.0,0.026850080490112303
185,0.1,1,0.10100656747817993,0.023019373416900635,0.2941701412200928,0.13353077173233033,0.20355147123336792,0.07256796360015869,1,0.0,1,0.0,0,1.0,1,1.0,1,1.0,0.0779871940612793
626,0.1,1,-0.0032106637954711914,-0.002376246452331543,0.401761531829834,0.09830973148345948,0.11169764399528503,0.015055465698242187,0,0.0,0,0.0,1,1.0,1,1.0,1,1.0,-0.0008344173431396483
282,0.1,1,0.1479908525943756,0.06151696741580963,0.5398733615875244,0.17753061056137084,0.21852710843086243,0.1007694274187088,1,0.2,1,0.2,0,0.8,1,1.0,1,1.0,0.08647388517856598
125,0.1,2742,-0.018124684691429138,-0.025640895962715148,0.29050642251968384,0.10919852256774902,0.011830788105726242,-0.002960064262151718,1195,-368.6,0,0.0,0,0.0,0,0.0,0,0.0,0.007516211271286009
498,0.1,1,0.026101738214492798,0.018502962589263917,0.40014851093292236,0.1988843560218811,0.166681706905365,0.08003088235855102,0,0.0,0,0.0,1,1.0,1,1.0,1,1.0,0.007598775625228881
263,0.1,1,0.09150135517120361,0.018406742811203004,0.32405591011047363,0.06062275171279907,0.08402466773986816,0.009257936477661132,0,0.0,0,0.0,1,1.0,1,1.0,1,1.0,0.07309461236000062
451,0.1,1,0.11088952422142029,0.01967146694660187,0.18305253982543945,0.08261319398880004,0.0968250036239624,0.014056062698364258,0,0.0,0,0.0,1,1.0,1,1.0,1,1.0,0.09121805727481842
627,0.1,1,-0.01149168610572815,0.0022878170013427733,0.24953562021255493,0.14116908311843873,0.0009755492210388184,0.013233089447021484,0,0.0,0,0.0,1,1.0,1,1.0,1,1.0,-0.013779503107070924
496,0.1,1,0.04372791945934296,0.019561463594436647,0.250335693359375,0.15137430429458618,0.08516693115234375,0.0344646155834198,0,0.0,0,0.0,1,1.0,1,1.0,1,1.0,0.02416645586490631
518,0.1,1,0.10491535067558289,0.04807702898979187,0.29736095666885376,0.10845603942871093,0.16827523708343506,0.05656684637069702,0,0.0,0,0.0,1,1.0,1,1.0,1,1.0,0.05683832168579102
364,0.1,1,0.04683360457420349,0.02391958236694336,0.12893390655517578,0.049510180950164795,0.09752839803695679,0.040475237369537356,0,0.0,0,0.0,1,1.0,1,1.0,1,1.0,0.022914022207260132
342,0.1,1,0.05653199553489685,0.050013032555580136,0.3110038638114929,0.17315161228179932,0.16974985599517822,0.09485733509063721,0,0.0,0,0.0,1,1.0,1,1.0,1,1.0,0.006518962979316714
138,0.1,1,-0.10803970694541931,-0.05230897068977356,0.4334615468978882,0.22772061824798584,0.07777261734008789,0.018629896640777587,0,0.0,0,0.0,1,1.0,1,1.0,1,1.0,-0.05573073625564575
127,0.1,1,0.14250363409519196,0.05530717372894287,0.3482309579849243,0.17462239265441895,0.20960372686386108,0.08867454528808594,0,0.0,0,0.0,1,1.0,1,1.0,1,1.0,0.08719646036624909
407,0.1,1,0.08250437676906586,0.03360077142715454,0.4548415541648865,0.33718950748443605,0.12224289774894714,0.06819886565208436,0,0.0,0,0.0,1,1.0,1,1.0,1,1.0,0.048903605341911315
459,0.1,1,0.14078505337238312,0.05966559946537018,0.2895019054412842,0.16367156505584718,0.14510679244995117,0.06118794679641724,0,0.0,0,0.0,1,1.0,1,1.0,1,1.0,0.08111945390701295
702,0.1,1,0.05991634726524353,0.04834319949150086,0.28869926929473877,0.16100229024887086,0.18378573656082153,0.10818407535552979,0,0.0,0,0.0,1,1.0,1,1.0,1,1.0,0.011573147773742673
102,0.1,1,0.02305164933204651,0.0033013761043548585,0.2804202437400818,0.16457757949829102,0.15209156274795532,0.08749999403953553,0,0.2,0,0.2,1,0.8,1,1.0,1,1.0,0.01975027322769165
216,0.1,1,0.0400775671005249,0.013306719064712525,0.258808970451355,0.16937744617462158,0.0742652416229248,0.045617276430130006,0,0.0,0,0.0,1,1.0,1,1.0,1,1.0,0.026770848035812377
601,0.1,1,0.015103250741958618,0.011655497550964355,0.27759379148483276,0.05763024091720581,0.06080949306488037,0.021598351001739503,0,0.0,0,0.0,1,1.0,1,1.0,1,1.0,0.0034477531909942634
114,0.1,1,0.13793425261974335,0.02176787257194519,0.43655937910079956,0.10503635406494141,0.2062661051750183,0.02907009720802307,0,0.0,0,0.0,1,1.0,1,1.0,1,1.0,0.11616638004779815
283,0.1,1,0.0025286078453063965,0.004491865634918213,0.49414825439453125,0.1345971941947937,0.1862657070159912,0.06159079074859619,0,0.0,0,0.0,1,1.0,1,1.0,1,1.0,-0.0019632577896118164
51,0.1,1,-0.006110727787017822,-0.005330479145050049,0.2596057653427124,0.14654004573822021,0.09346869587898254,0.05252338051795959,0,0.2,0,0.2,1,0.8,1,1.0,1,1.0,-0.0007802486419677731
537,0.1,1,0.19479501247406006,0.08000600337982178,0.3901463747024536,0.17266252040863037,0.23285537958145142,0.08352887630462646,0,0.0,0,0.0,1,1.0,1,1.0,1,1.0,0.11478900909423828
599,0.1,1,0.0894131064414978,0.01215493083000183,0.2478240728378296,0.14667515754699706,0.12631523609161377,0.04236892461776733,0,0.0,0,0.0,1,1.0,1,1.0,1,1.0,0.07725817561149598
650,0.1,1,0.007560223340988159,0.007310831546783447,0.32330185174942017,0.21923595666885376,0.07410794496536255,0.031108534336090087,0,0.0,0,0.0,1,1.0,1,1.0,1,1.0,0.00024939179420471226
535,0.1,1,0.06486743688583374,0.01024056077003479,0.20134621858596802,0.07273473739624023,0.11140131950378418,0.022747552394866942,0,0.0,0,0.0,1,1.0,1,1.0,1,1.0,0.05462687611579895
480,0.1,1,0.03685775399208069,0.011906343698501586,0.3131568431854248,0.12640244960784913,0.11392316222190857,0.038482898473739625,0,0.0,0,0.0,1,1.0,1,1.0,1,1.0,0.024951410293579102
722,0.1,1,0.012189477682113647,0.006196719408035278,0.3880103826522827,0.16822136640548707,0.1108354926109314,0.039035528898239136,0,0.0,0,0.0,1,1.0,1,1.0,1,1.0,0.005992758274078369
389,0.1,1,0.14071744680404663,0.042402243614196776,0.3666975498199463,0.13443650007247926,0.2134276032447815,0.07526013851165772,0,0.0,0,0.0,1,1.0,1,1.0,1,1.0,0.09831520318984985
436,0.1,1,0.1395871639251709,0.04538809061050415,0.30498695373535156,0.201107394695282,0.12294468283653259,0.05349118709564209,3,0.6,1,0.2,0,0.8,1,1.0,1,1.0,0.09419907331466675
100,0.1,1,0.09172189235687256,0.03501254916191101,0.39390015602111816,0.18651187419891357,0.14266622066497803,0.046256649494171145,0,0.0,0,0.0,1,1.0,1,1.0,1,1.0,0.05670934319496155
264,0.1,1,-0.04978972673416138,-0.003814411163330078,0.330308198928833,0.09656403064727784,0.11838820576667786,0.04558329582214356,0,0.0,0,0.0,1,1.0,1,1.0,1,1.0,-0.0459753155708313
472,0.1,1,0.13111084699630737,0.04831133484840393,0.40599286556243896,0.23557785749435425,0.12645646929740906,0.05345258116722107,6,0.2,1,0.2,0,0.8,0,1.0,1,1.0,0.08279951214790345
287,0.1,3,-0.024489164352416992,-0.030603212118148804,0.2871659994125366,0.22995634078979493,-0.03384345769882202,0.024683433771133422,1,0.0,0,0.0,0,0.0,1,1.0,1,1.0,0.006114047765731812
678,0.1,1,0.09056025743484497,0.030747205018997192,0.3398675322532654,0.21420135498046874,0.21029776334762573,0.11336451768875122,1,0.0,1,0.0,0,1.0,1,1.0,1,1.0,0.05981305241584778
156,0.1,1,0.04038187861442566,0.04180053472518921,0.22499418258666992,0.14947004318237306,0.06636136770248413,0.06096717119216919,0,0.0,0,0.0,1,1.0,1,1.0,1,1.0,-0.0014186561107635484
638,0.1,1,0.19339773058891296,0.09682928323745728,0.3388330340385437,0.19527857303619384,0.23558330535888672,0.09106577634811401,0,0.0,0,0.0,1,1.0,1,1.0,1,1.0,0.09656844735145569
292,0.1,1,0.07331463694572449,0.03327540755271911,0.2429722547531128,0.15188363790512086,0.08984124660491943,0.03590806126594544,0,0.0,0,0.0,1,1.0,1,1.0,1,1.0,0.040039229393005374
145,0.1,3,-0.032396405935287476,0.0022658884525299074,0.4829721450805664,0.04616914987564087,0.10123145580291748,0.006179887056350708,-2,0.0,0,0.0,1,0.0,1,1.0,1,1.0,-0.034662294387817386
78,0.1,1,0.09076949954032898,0.04029692411422729,0.288066029548645,0.14861505031585692,0.10286426544189453,0.05482088327407837,0,0.0,0,0.0,1,1.0,1,1.0,1,1.0,0.05047257542610169
294,0.1,2,0.016434520483016968,-0.01652078628540039,0.25239259004592896,0.15366846323013306,0.07604989409446716,0.025398623943328858,2,-0.6,0,0.0,0,0.6,1,1.0,1,1.0,0.03295530676841736
386,0.1,1,0.0013342201709747314,0.003282415866851807,0.3927774429321289,0.11738829612731934,0.17088598012924194,0.047158563137054445,0,0.0,0,0.0,1,1.0,1,1.0,1,1.0,-0.0019481956958770754
184,0.1,1,0.035042017698287964,0.024880415201187132,0.2061411738395691,0.14847249984741212,0.06594651937484741,0.044480955600738524,0,0.0,0,0.0,1,1.0,1,1.0,1,1.0,0.010161602497100831
33,0.1,1,0.0138988196849823,0.004219865798950196,0.3762925863265991,0.15336596965789795,0.2060266137123108,0.06880400180816651,0,0.0,0,0.0,1,1.0,1,1.0,1,1.0,0.009678953886032104
468,0.1,1,0.07282452285289764,0.021844029426574707,0.20374035835266113,0.0730584979057312,0.059203073382377625,0.020469596982002257,41,2.2,1,0.6,0,0.4,0,0.8,0,1.0,0.05098049342632294
257,0.1,1,-0.001845031976699829,0.010936063528060914,0.1357954740524292,0.09129060506820678,-0.0012475848197937012,0.005863171815872192,0,0.0,0,0.0,1,1.0,1,1.0,1,1.0,-0.012781095504760743
415,0.1,1,0.08053053915500641,0.014910751581192016,0.3009151220321655,0.15957338809967042,0.10138905048370361,0.037809187173843385,0,0.0,0,0.0,1,1.0,1,1.0,1,1.0,0.0656197875738144
121,0.1,1,0.0056281983852386475,0.028421610593795776,0.34997326135635376,0.16722527742385865,0.1329668164253235,0.08545125722885132,0,0.0,0,0.0,1,1.0,1,1.0,1,1.0,-0.02279341220855713
445,0.1,12,-0.07059021294116974,-0.04735942780971527,0.3151840567588806,0.20648741722106934,0.014221683144569397,0.016873791813850403,-9,-5.8,0,0.0,0,0.2,1,0.6,1,0.8,-0.02323078513145447
195,0.1,1,-0.01975157856941223,-0.015839409828186036,0.38297486305236816,0.14910105466842652,0.16779211163520813,0.06001291275024414,0,0.0,0,0.0,1,1.0,1,1.0,1,1.0,-0.003912168741226196
244,0.1,1,0.09349404275417328,0.0336421012878418,0.2485443353652954,0.11497309207916259,0.11897873878479004,0.04380964040756226,0,0.0,0,0.0,1,1.0,1,1.0,1,1.0,0.05985194146633148
453,0.1,1,0.07112377882003784,0.033316421508789065,0.3428303599357605,0.15190670490264893,0.2131253182888031,0.07998794317245483,0,0.0,0,0.0,1,1.0,1,1.0,1,1.0,0.037807357311248777
659,0.1,1,0.08730369806289673,0.021518117189407347,0.3038245439529419,0.09233803749084472,0.13388261198997498,0.052431386709213254,0,0.0,0,0.0,1,1.0,1,1.0,1,1.0,0.06578558087348937
265,0.1,1,0.002451181411743164,0.02259809970855713,0.32308030128479004,0.2326494812965393,0.045863568782806396,0.055492746829986575,0,0.0,0,0.0,1,1.0,1,1.0,1,1.0,-0.020146918296813966
238,0.1,1,0.09631776809692383,0.040942221879959106,0.21795761585235596,0.14954322576522827,0.08590871095657349,0.059332430362701416,0,0.0,0,0.0,1,1.0,1,1.0,1,1.0,0.05537554621696472
452,0.1,1,0.10978418588638306,0.05486817359924316,0.3351401090621948,0.17811622619628906,0.1725967526435852,0.09317715167999267,0,0.0,0,0.0,1,1.0,1,1.0,1,1.0,0.054916012287139895
614,0.1,1,0.018908530473709106,0.01620177924633026,0.28290802240371704,0.13046329021453856,0.07995253801345825,0.02636680006980896,0,0.0,0,0.0,1,1.0,1,1.0,1,1.0,0.002706751227378845
736,0.1,1,0.029447168111801147,0.012599366903305053,0.4585845470428467,0.14932823181152344,0.17991572618484497,0.05523546934127808,0,0.0,0,0.0,1,1.0,1,1.0,1,1.0,0.016847801208496094
167,0.1,1,0.0428888201713562,0.029830241203308107,0.2966707944869995,0.171686589717865,0.10378602147102356,0.05675649642944336,0,0.2,0,0.2,1,0.8,1,1.0,1,1.0,0.013058578968048094
469,0.1,1,0.0783800482749939,0.020898813009262086,0.3061554431915283,0.13120862245559692,0.1601749062538147,0.03577299118041992,0,0.0,0,0.0,1,1.0,1,1.0,1,1.0,0.05748123526573181
530,0.1,1,0.13107740879058838,0.045019447803497314,0.36358582973480225,0.09717503786087037,0.1639043092727661,0.047740203142166135,0,0.0,0,0.0,1,1.0,1,1.0,1,1.0,0.08605796098709106
13,0.1,1,0.07270929217338562,0.033192163705825804,0.23003166913986206,0.12259221076965332,0.08597928285598755,0.05915680527687073,0,0.0,0,0.0,1,1.0,1,1.0,1,1.0,0.039517128467559816
578,0.1,1,0.0718419998884201,0.025779134035110472,0.26803797483444214,0.08129786252975464,0.09743684530258179,0.0136360764503479,0,0.0,0,0.0,1,1.0,1,1.0,1,1.0,0.04606286585330963
353,0.1,1,0.025708317756652832,0.013123369216918946,0.4105522036552429,0.17189372777938844,0.20786383748054504,0.07675487995147705,0,0.0,0,0.0,1,1.0,1,1.0,1,1.0,0.012584948539733886
128,0.1,1,0.1756916344165802,0.03215034008026123,0.25117337703704834,0.06725331544876098,0.16399961709976196,0.04118238687515259,0,0.0,0,0.0,1,1.0,1,1.0,1,1.0,0.14354129433631896
247,0.1,1,0.037453413009643555,0.024652838706970215,0.31073319911956787,0.19909210205078126,0.16399818658828735,0.09388806819915771,1,0.4,1,0.4,0,0.6,1,1.0,1,1.0,0.01280057430267334
664,0.1,1,0.12766259908676147,0.06640582978725433,0.352083683013916,0.1525570273399353,0.11992630362510681,0.06916242241859435,0,0.0,0,0.0,1,1.0,1,1.0,1,1.0,0.061256769299507144
183,0.1,1,0.06096729636192322,0.024145376682281495,0.348222017288208,0.15551385879516602,0.08266526460647583,0.04283046126365662,0,0.0,0,0.0,1,1.0,1,1.0,1,1.0,0.036821919679641726
280,0.1,1,0.127939373254776,0.01919422745704651,0.32443517446517944,0.10042699575424194,0.1305241882801056,0.051683557033538816,0,0.0,0,0.0,1,1.0,1,1.0,1,1.0,0.1087451457977295
215,0.1,1,0.10786786675453186,0.04576494693756104,0.412178099155426,0.18522250652313232,0.11932030320167542,0.05983405709266663,0,0.0,0,0.0,1,1.0,1,1.0,1,1.0,0.062102919816970824
639,0.1,1,-0.01748788356781006,-0.0005506694316864014,0.3911426067352295,0.1453348755836487,0.20183125138282776,0.058957427740097046,0,0.0,0,0.0,1,1.0,1,1.0,1,1.0,-0.016937214136123657
107,0.1,1,-0.02298504114151001,-0.007784461975097657,0.26627063751220703,0.1351633906364441,0.10348066687583923,0.05297341346740723,0,0.0,0,0.0,1,1.0,1,1.0,1,1.0,-0.015200579166412353
299,0.1,1,0.1351923942565918,0.02328346371650696,0.44949066638946533,0.15735708475112914,0.16450440883636475,0.04867738485336304,0,0.0,0,0.0,1,1.0,1,1.0,1,1.0,0.11190893054008484
340,0.1,1,0.034639060497283936,0.005794048309326172,0.29585254192352295,0.11339758634567261,0.132883220911026,0.041667574644088747,0,0.0,0,0.0,1,1.0,1,1.0,1,1.0,0.028845012187957764
236,0.1,1,0.00609937310218811,-0.003852897882461548,0.3031219244003296,0.19731472730636596,0.1355031132698059,0.09488890171051026,0,0.0,0,0.0,1,1.0,1,1.0,1,1.0,0.009952270984649658
218,0.1,1,0.130612313747406,0.017748326063156128,0.46324384212493896,0.14818800687789918,0.23698991537094116,0.05740580558776855,1,0.2,1,0.2,0,0.8,1,1.0,1,1.0,0.11286398768424988
456,0.1,1,0.05455183982849121,0.020732790231704712,0.42080801725387573,0.1520965576171875,0.20518386363983154,0.05792250633239746,0,0.0,0,0.0,1,1.0,1,1.0,1,1.0,0.0338190495967865
643,0.1,1,0.10857239365577698,0.028534206748008727,0.33820033073425293,0.13457541465759276,0.12206193804740906,0.041922247409820555,0,0.0,0,0.0,1,1.0,1,1.0,1,1.0,0.08003818690776825
182,0.1,1,0.002825230360031128,-0.0021220505237579345,0.23779666423797607,0.1686737060546875,0.09142762422561646,0.06910382509231568,0,0.0,0,0.0,1,1.0,1,1.0,1,1.0,0.004947280883789063
157,0.1,2,-0.022060394287109375,-0.0076570272445678714,0.3259873390197754,0.10148167610168457,0.10723084211349487,0.02908574342727661,-1,-0.4,0,0.0,1,0.4,1,1.0,1,1.0,-0.014403367042541504
70,0.1,1,0.10425207018852234,0.0023198902606964113,0.25084012746810913,0.09628129005432129,0.11377832293510437,0.012940406799316406,0,0.0,0,0.0,1,1.0,1,1.0,1,1.0,0.10193217992782592
444,0.1,1,0.0660971999168396,0.03897590637207031,0.25574231147766113,0.14961360692977904,0.0865379273891449,0.05173718333244324,0,0.0,0,0.0,1,1.0,1,1.0,1,1.0,0.02712129354476929
248,0.1,1,0.08391439914703369,0.007089966535568237,0.4817357063293457,0.12240381240844726,0.17726996541023254,0.0228368878364563,0,0.0,0,0.0,1,1.0,1,1.0,1,1.0,0.07682443261146546
146,0.1,1,0.09642916917800903,0.039430028200149535,0.42771363258361816,0.18767527341842652,0.2408941388130188,0.0728748083114624,0,0.0,0,0.0,1,1.0,1,1.0,1,1.0,0.0569991409778595
449,0.1,3,-0.05450385808944702,-0.011803656816482544,0.32466262578964233,0.02346055507659912,0.08380904793739319,-0.007737201452255249,0,0.0,0,0.0,0,0.0,1,1.0,1,1.0,-0.04270020127296448
351,0.1,1,0.021147698163986206,0.01146538257598877,0.3193548917770386,0.19904214143753052,0.15314769744873047,0.048403596878051756,0,0.0,0,0.0,1,1.0,1,1.0,1,1.0,0.009682315587997436
383,0.1,1,0.07588887214660645,0.05280089974403381,0.42590856552124023,0.22343976497650148,0.17067411541938782,0.09491224884986878,0,0.0,0,0.0,1,1.0,1,1.0,1,1.0,0.023087972402572633
416,0.1,1,0.03888896107673645,0.04217497706413269,0.3204227685928345,0.25163605213165285,0.16850408911705017,0.1187720239162445,0,0.0,0,0.0,1,1.0,1,1.0,1,1.0,-0.0032860159873962375
404,0.1,1,0.063871830701828,0.015281903743743896,0.32473182678222656,0.13433895111083985,0.13310351967811584,0.04024867415428161,0,0.0,0,0.0,1,1.0,1,1.0,1,1.0,0.048589926958084104
510,0.1,4,0.04321175813674927,0.0057792186737060545,0.46955937147140503,0.1297088384628296,0.16323810815811157,0.03589390516281128,19,2.2,0,0.0,0,0.0,0,0.6,0,0.8,0.037432539463043216
122,0.1,1,0.046929001808166504,0.005493557453155518,0.2692416310310364,0.19466415643692017,0.12088668346405029,0.09478906989097595,2,0.2,1,0.2,0,0.8,1,1.0,1,1.0,0.04143544435501099
348,0.1,1,-0.056026652455329895,-0.00804123878479004,0.3912697434425354,0.09035511016845703,0.020663559436798096,0.002174001932144165,0,0.0,0,0.0,1,1.0,1,1.0,1,1.0,-0.04798541367053986
317,0.1,1,0.1569938361644745,0.04601721167564392,0.24162954092025757,0.11063994169235229,0.1711985468864441,0.0732542872428894,0,0.0,0,0.0,1,1.0,1,1.0,1,1.0,0.11097662448883057
691,0.1,1,0.003744155168533325,-0.00354461669921875,0.2556023597717285,0.0714179515838623,0.04779192805290222,0.018354934453964234,0,0.0,0,0.0,1,1.0,1,1.0,1,1.0,0.007288771867752075
651,0.1,1,0.05006176233291626,0.0017268002033233643,0.2945336103439331,0.07082147598266601,0.12962794303894043,0.010763460397720337,0,0.0,0,0.0,1,1.0,1,1.0,1,1.0,0.048334962129592894
541,0.1,1,-0.005812406539916992,-0.007817286252975463,0.27332544326782227,0.11713426113128662,0.10254025459289551,0.04757890701293945,0,0.0,0,0.0,1,1.0,1,1.0,1,1.0,0.002004879713058471
392,0.1,1,0.04354652762413025,0.02075018286705017,0.2908898591995239,0.1236733078956604,0.15189093351364136,0.04106881618499756,0,0.0,0,0.0,1,1.0,1,1.0,1,1.0,0.02279634475708008
529,0.1,1,0.1913474202156067,0.05836073756217956,0.28560054302215576,0.1319827914237976,0.20086270570755005,0.07338565587997437,0,0.0,0,0.0,1,1.0,1,1.0,1,1.0,0.1329866826534271
423,0.1,1,0.1300143152475357,0.0162562757730484,0.4706777334213257,0.1339862108230591,0.06148655712604523,0.0048356205224990845,58,0.6,1,0.4,0,0.6,0,1.0,0,1.0,0.1137580394744873
286,0.1,1,0.06627681851387024,0.02251402735710144,0.37773382663726807,0.16147055625915527,0.10479319095611572,0.05871158242225647,0,0.0,0,0.0,1,1.0,1,1.0,1,1.0,0.0437627911567688
25,0.1,1,0.07271337509155273,0.03395755290985107,0.2743619680404663,0.10103359222412109,0.18947076797485352,0.06680587530136109,0,0.0,0,0.0,1,1.0,1,1.0,1,1.0,0.03875582218170166
94,0.1,1,0.017976731061935425,0.009539034962654114,0.2811678647994995,0.12541015148162843,0.09612858295440674,0.027255958318710326,0,0.0,0,0.0,1,1.0,1,1.0,1,1.0,0.00843769609928131
295,0.1,1,0.11865833401679993,0.03990722298622131,0.5130923390388489,0.26331106424331663,0.1163225919008255,0.044843077659606934,0,0.0,0,0.0,1,1.0,1,1.0,1,1.0,0.07875111103057861
707,0.1,1,0.025947391986846924,0.021157491207122802,0.24068331718444824,0.11229166984558106,0.12821978330612183,0.046037817001342775,0,0.0,0,0.0,1,1.0,1,1.0,1,1.0,0.004789900779724122
205,0.1,1,0.068818598985672,0.03282626867294312,0.26829981803894043,0.14972329139709473,0.1264866590499878,0.06455456018447876,0,0.0,0,0.0,1,1.0,1,1.0,1,1.0,0.03599233031272888
83,0.1,1,0.051106542348861694,-0.01569514870643616,0.3423982858657837,0.08224692344665527,0.07879745960235596,-0.009524083137512207,2,0.0,1,0.0,0,1.0,1,1.0,1,1.0,0.06680169105529785
162,0.1,1,0.07526227831840515,0.036771523952484134,0.2865746021270752,0.17131354808807372,0.13288766145706177,0.07786537408828735,0,0.0,0,0.0,1,1.0,1,1.0,1,1.0,0.03849075436592102
311,0.1,1,0.06128209829330444,0.0003572702407836914,0.31611084938049316,0.047299325466156006,0.1881057620048523,0.01763075590133667,2,0.0,1,0.0,0,1.0,1,1.0,1,1.0,0.06092482805252075
440,0.1,1,0.0759214460849762,0.01919134855270386,0.31009984016418457,0.12956377267837524,0.10752460360527039,0.027209973335266112,0,0.0,0,0.0,1,1.0,1,1.0,1,1.0,0.05673009753227234
501,0.1,1,0.07330900430679321,0.04006922245025635,0.287189245223999,0.18715221881866456,0.1379205584526062,0.08157375454902649,0,0.0,0,0.0,1,1.0,1,1.0,1,1.0,0.033239781856536865
738,0.1,1,0.09899705648422241,0.08161254525184632,0.37703239917755127,0.22540535926818847,0.14669597148895264,0.1033998191356659,0,0.0,0,0.0,1,1.0,1,1.0,1,1.0,0.017384511232376096
538,0.1,1,-0.0692688524723053,0.014237219095230102,0.2833630442619324,0.14624658823013306,-0.021159112453460693,0.034855610132217406,0,0.0,0,0.0,1,1.0,1,1.0,1,1.0,-0.0835060715675354
376,0.1,1,0.038474202156066895,0.043490856885910034,0.15532737970352173,0.11601558923721314,0.03298938274383545,0.0421406626701355,0,0.0,0,0.0,1,1.0,1,1.0,1,1.0,-0.00501665472984314
281,0.1,1,0.09076964855194092,0.028966841101646424,0.2948567867279053,0.18099058866500856,0.13885414600372314,0.06298607587814331,0,0.0,0,0.0,1,1.0,1,1.0,1,1.0,0.0618028074502945
558,0.1,1,0.078643798828125,0.025500285625457763,0.3291717767715454,0.1253402352333069,0.11768752336502075,0.05066598057746887,0,0.0,0,0.0,1,1.0,1,1.0,1,1.0,0.053143513202667234
432,0.1,1,0.028246283531188965,0.026932662725448607,0.45788025856018066,0.11498429775238037,0.13097620010375977,0.046680569648742676,0,0.0,0,0.0,1,1.0,1,1.0,1,1.0,0.0013136208057403578
555,0.1,1,0.10245713591575623,0.021116214990615844,0.2062116265296936,0.11106358766555786,0.09866946935653687,0.04144648313522339,0,0.0,0,0.0,1,1.0,1,1.0,1,1.0,0.08134092092514038
581,0.1,1,0.1477784514427185,-0.000864294171333313,0.5479573607444763,0.020980894565582275,0.13963477313518524,-0.0007464468479156494,475,0.0,1,0.0,0,1.0,0,1.0,0,1.0,0.14864274561405183
636,0.1,2,0.0018634796142578125,-0.002400505542755127,0.45458924770355225,0.10565919876098633,0.1294807493686676,0.0028183162212371826,1,0.6,0,0.0,0,0.0,1,1.0,1,1.0,0.00426398515701294
572,0.1,1,0.04578487575054169,0.016884124279022215,0.43545079231262207,0.20536614656448365,0.23745808005332947,0.07647727727890015,0,0.0,0,0.0,1,1.0,1,1.0,1,1.0,0.02890075147151947
310,0.1,1,0.017581284046173096,0.0033695995807647705,0.3242715001106262,0.1229663372039795,0.15573632717132568,0.05319643020629883,0,0.0,0,0.0,1,1.0,1,1.0,1,1.0,0.014211684465408325
635,0.1,1,0.12184667587280273,0.02145390510559082,0.43881750106811523,0.14067559242248534,0.15679195523262024,0.048354935646057126,8,0.2,1,0.2,0,0.8,0,1.0,1,1.0,0.10039277076721191
64,0.1,1,0.02536064386367798,0.003873664140701294,0.488258957862854,0.16679245233535767,0.17925167083740234,0.0602175772190094,0,0.0,0,0.0,1,1.0,1,1.0,1,1.0,0.021486979722976685
109,0.1,1,0.09453138709068298,0.04885108172893524,0.2436753511428833,0.13597701787948607,0.10891982913017273,0.061027544736862185,0,0.0,0,0.0,1,1.0,1,1.0,1,1.0,0.04568030536174774
314,0.1,1,0.0009351074695587158,0.0021518349647521974,0.12461972236633301,0.08518553972244262,-0.0057329535484313965,0.023101425170898436,0,0.0,0,0.0,1,1.0,1,1.0,1,1.0,-0.0012167274951934816
380,0.1,1,0.08997508883476257,0.026264142990112305,0.3877163529396057,0.10285462141036987,0.13353964686393738,0.022210365533828734,0,0.0,0,0.0,1,1.0,1,1.0,1,1.0,0.06371094584465027
54,0.1,329,-0.033679813146591187,-0.054968392848968504,0.35869741439819336,0.2139525294303894,-0.0269128680229187,-0.015475431084632873,-213,-190.4,0,0.0,0,0.0,0,0.0,0,0.0,0.021288579702377318
634,0.1,1,0.11931800842285156,0.047010773420333864,0.29447484016418457,0.08781642913818359,0.14325618743896484,0.03304363489151001,0,0.0,0,0.0,1,1.0,1,1.0,1,1.0,0.0723072350025177
641,0.1,1,0.10872554779052734,0.04547874331474304,0.24990946054458618,0.13202288150787353,0.08999127149581909,0.040694570541381835,0,0.0,0,0.0,1,1.0,1,1.0,1,1.0,0.0632468044757843
388,0.1,1,0.0702943205833435,0.003981173038482666,0.29842257499694824,0.11958032846450806,0.16948825120925903,0.036220455169677736,0,0.0,0,0.0,1,1.0,1,1.0,1,1.0,0.06631314754486084
169,0.1,1,0.020237058401107788,0.004462689161300659,0.39149487018585205,0.0946649432182312,0.11602145433425903,0.02833651304244995,0,0.0,0,0.0,1,1.0,1,1.0,1,1.0,0.01577436923980713
335,0.1,1,0.07773280143737793,0.014098066091537475,0.35800135135650635,0.1791245460510254,0.09554079174995422,0.0023697495460510256,3,0.0,1,0.0,0,1.0,1,1.0,1,1.0,0.06363473534584045
484,0.1,1,-0.04854297637939453,0.013214051723480225,0.343275785446167,0.22492046356201173,0.11070510745048523,0.11250429153442383,0,0.0,0,0.0,1,1.0,1,1.0,1,1.0,-0.061757028102874756
235,0.1,1,0.08698593080043793,0.03439293503761291,0.3796970844268799,0.15623693466186522,0.18460720777511597,0.06549422144889831,0,0.0,0,0.0,1,1.0,1,1.0,1,1.0,0.052592995762825015
610,0.1,1,0.10572874546051025,0.003014913201332092,0.37696146965026855,0.13838162422180175,0.12365102767944336,0.020102959871292115,0,0.0,0,0.0,1,1.0,1,1.0,1,1.0,0.10271383225917816
92,0.1,1,0.09779967367649078,0.006458097696304321,0.31313562393188477,0.134513258934021,0.12126865983009338,0.025288349390029906,0,0.0,0,0.0,1,1.0,1,1.0,1,1.0,0.09134157598018647
7,0.1,1,0.023150205612182617,0.0025177597999572754,0.35553449392318726,0.02621283531188965,0.1423720121383667,0.013060951232910156,0,0.0,0,0.0,1,1.0,1,1.0,1,1.0,0.020632445812225342
49,0.1,13,-0.03911465406417847,-0.006602483987808228,0.39511990547180176,0.05509828329086304,0.09845420718193054,0.006681668758392334,8,-2.0,0,0.0,0,0.0,0,0.0,0,0.2,-0.032512170076370236
252,0.1,1,-0.015116572380065918,0.00033852458000183105,0.3656259775161743,0.21560767889022828,0.14168435335159302,0.08264708518981934,0,0.0,0,0.0,1,1.0,1,1.0,1,1.0,-0.015455096960067749
359,0.1,1,0.03867834806442261,0.03476821780204773,0.3633922338485718,0.17077723741531373,0.150014728307724,0.07512044310569763,0,0.0,0,0.0,1,1.0,1,1.0,1,1.0,0.0039101302623748765
660,0.1,1,-0.03074917197227478,6.872415542602539e-05,0.40070533752441406,0.13561539649963378,0.18472987413406372,0.05856370329856873,0,0.0,0,0.0,1,1.0,1,1.0,1,1.0,-0.030817896127700806
79,0.1,1,0.03832727670669556,0.018521612882614134,0.3356282711029053,0.16556423902511597,0.12873423099517822,0.0628785252571106,0,0.0,0,0.0,1,1.0,1,1.0,1,1.0,0.019805663824081422
329,0.1,1,0.14763104915618896,0.0446337640285492,0.352439820766449,0.16445260047912597,0.21575403213500977,0.07511478662490845,0,0.0,0,0.0,1,1.0,1,1.0,1,1.0,0.10299728512763977
2,0.1,1,0.02264919877052307,0.003092944622039795,0.32083672285079956,0.052709317207336424,0.059633851051330566,0.008689403533935547,0,0.0,0,0.0,1,1.0,1,1.0,1,1.0,0.019556254148483276
251,0.1,1,0.020937800407409668,0.010794413089752198,0.3249253034591675,0.12076225280761718,0.15349137783050537,0.0644235908985138,0,0.0,0,0.0,1,1.0,1,1.0,1,1.0,0.01014338731765747
108,0.1,1,0.07072800397872925,0.06761229038238525,0.22833037376403809,0.1343950390815735,0.14990586042404175,0.09344755411148072,0,0.0,0,0.0,1,1.0,1,1.0,1,1.0,0.003115713596343994
267,0.1,1,0.0038700997829437256,-0.005648958683013916,0.32234877347946167,0.26978522539138794,0.05481904745101929,0.0860226333141327,0,0.0,0,0.0,1,1.0,1,1.0,1,1.0,0.009519058465957641
590,0.1,5,0.1385422945022583,0.016628772020339966,0.558750331401825,0.10311214923858643,0.07887657731771469,0.008748602867126466,327,11.4,0,0.0,0,0.0,0,0.4,0,0.8,0.12191352248191833
570,0.1,1,0.09483154118061066,0.024446937441825866,0.45062822103500366,0.09042055606842041,0.10243284702301025,0.02477567195892334,0,0.0,0,0.0,1,1.0,1,1.0,1,1.0,0.07038460373878479
522,0.1,1,0.011853814125061035,0.02993035316467285,0.26622140407562256,0.15110107660293579,0.05179521441459656,0.050857138633728025,0,0.0,0,0.0,1,1.0,1,1.0,1,1.0,-0.018076539039611816
27,0.1,2,-0.01204422116279602,0.004299294948577881,0.2532418370246887,0.10419516563415528,0.026995569467544556,0.01765662431716919,1,0.2,0,0.0,0,0.0,1,1.0,1,1.0,-0.016343516111373902
82,0.1,1,0.0637817233800888,0.011714234948158264,0.3090857267379761,0.0773841142654419,0.11016154289245605,0.025550264120101928,0,0.0,0,0.0,1,1.0,1,1.0,1,1.0,0.05206748843193054
65,0.1,1,0.036985307931900024,0.0211581289768219,0.34913551807403564,0.10776429176330567,0.22727075219154358,0.05917582511901855,0,0.0,0,0.0,1,1.0,1,1.0,1,1.0,0.015827178955078125
320,0.1,1,0.04892086982727051,0.03189690709114075,0.36245882511138916,0.13842897415161132,0.2708187699317932,0.10524595975875854,0,0.0,0,0.0,1,1.0,1,1.0,1,1.0,0.017023962736129758
596,0.1,1,0.04961729049682617,0.025496387481689455,0.34101027250289917,0.16070910692214965,0.10882794857025146,0.04540156126022339,0,0.0,0,0.0,1,1.0,1,1.0,1,1.0,0.024120903015136717
442,0.1,1,0.1654444932937622,0.04944359660148621,0.41839587688446045,0.1943540930747986,0.17518675327301025,0.055121636390686034,0,0.0,0,0.0,1,1.0,1,1.0,1,1.0,0.116000896692276
414,0.1,10369,-0.10751509666442871,-0.002565675973892212,0.36379075050354004,0.09958071708679199,0.009042968973517418,0.0023704499006271364,2422,39.4,0,0.0,0,0.0,0,0.0,0,0.0,-0.1049494206905365
517,0.1,1,0.0909818708896637,0.022904074192047118,0.3816947937011719,0.1421786665916443,0.17803466320037842,0.05668191909790039,0,0.0,0,0.0,1,1.0,1,1.0,1,1.0,0.06807779669761657
712,0.1,1,0.03052055835723877,0.005000811815261841,0.3652973175048828,0.052293014526367185,0.08017486333847046,0.010513484477996826,0,0.0,0,0.0,1,1.0,1,1.0,1,1.0,0.025519746541976928
111,0.1,1,0.09645622968673706,0.008979344367980957,0.3518732786178589,0.08079339265823364,0.08722352981567383,0.01823509931564331,0,0.0,0,0.0,1,1.0,1,1.0,1,1.0,0.08747688531875611
232,0.1,1,0.01260104775428772,0.015641826391220092,0.2959883213043213,0.17921115159988404,0.2130497395992279,0.13277723789215087,0,0.0,0,0.0,1,1.0,1,1.0,1,1.0,-0.0030407786369323724
711,0.1,1,0.11567428708076477,0.08285698890686036,0.4020081162452698,0.23318264484405518,0.21194717288017273,0.1388429343700409,0,0.0,0,0.0,1,1.0,1,1.0,1,1.0,0.03281729817390441
701,0.1,1,0.09018591046333313,0.020802688598632813,0.393560528755188,0.11938867568969727,0.201422780752182,0.05733186602592468,0,0.0,0,0.0,1,1.0,1,1.0,1,1.0,0.06938322186470032
533,0.1,1,0.09735870361328125,-0.004512804746627808,0.41444122791290283,0.008851122856140137,0.09600645303726196,-0.00013085603713989258,0,0.0,0,0.0,1,1.0,1,1.0,1,1.0,0.10187150835990906
426,0.1,1,-0.0326787531375885,0.008246809244155884,0.2707477807998657,0.1420282244682312,0.08914291858673096,0.049090790748596194,0,0.0,0,0.0,1,1.0,1,1.0,1,1.0,-0.040925562381744385
175,0.1,1,0.012424975633621216,0.012079966068267823,0.23125553131103516,0.1549828052520752,0.10505357384681702,0.05795548558235168,0,0.0,0,0.0,1,1.0,1,1.0,1,1.0,0.00034500956535339286
89,0.1,24,0.06849144399166107,0.019400262832641603,0.29618048667907715,0.11751374006271362,0.04986557364463806,0.006542542576789856,128,13.6,0,0.0,0,0.0,0,0.0,0,0.2,0.04909118115901947
303,0.1,1,0.048293471336364746,-0.0016816556453704834,0.3897086977958679,0.16064004898071288,0.12764683365821838,0.028116214275360107,0,0.0,0,0.0,1,1.0,1,1.0,1,1.0,0.04997512698173523
619,0.1,1,0.1122959554195404,0.015612918138504028,0.3332653045654297,0.06327850818634033,0.1303287148475647,0.015323960781097412,0,0.0,0,0.0,1,1.0,1,1.0,1,1.0,0.09668303728103637
1,0.1,81,0.030491739511489868,0.0004896029829978942,0.20945745706558228,0.0836362361907959,0.045609861612319946,0.011846150457859039,57,-3.2,0,0.0,0,0.0,0,0.0,0,0.0,0.030002136528491975
495,0.1,1,0.005955636501312256,-0.008660781383514404,0.29957079887390137,0.17156825065612794,0.11723566055297852,0.05308512449264526,0,0.0,0,0.0,1,1.0,1,1.0,1,1.0,0.01461641788482666
168,0.1,1,0.04231855273246765,0.008095425367355347,0.36301863193511963,0.16867133378982543,0.16042259335517883,0.05571413040161133,2,0.0,1,0.0,0,1.0,1,1.0,1,1.0,0.03422312736511231
455,0.1,1,0.08717086911201477,0.018073278665542602,0.32151877880096436,0.2190007448196411,0.16116482019424438,0.0800602912902832,0,0.0,0,0.0,1,1.0,1,1.0,1,1.0,0.06909759044647217
696,0.1,1,0.021236002445220947,0.02309836745262146,0.31163477897644043,0.18740683794021606,0.04157790541648865,0.03282649517059326,0,0.0,0,0.0,1,1.0,1,1.0,1,1.0,-0.001862365007400512
144,0.1,1,0.002592995762825012,0.00527680516242981,0.32909226417541504,0.13367966413497925,0.13104766607284546,0.05070604681968689,0,0.0,0,0.0,1,1.0,1,1.0,1,1.0,-0.0026838093996047977
577,0.1,1,0.09714093804359436,0.028243571519851685,0.37311649322509766,0.1722583532333374,0.09777390956878662,0.04902551770210266,0,0.0,0,0.0,1,1.0,1,1.0,1,1.0,0.06889736652374268
401,0.1,1,0.07334889471530914,0.021877413988113402,0.2520408630371094,0.1586941123008728,0.04906746745109558,0.02248392105102539,0,0.0,0,0.0,1,1.0,1,1.0,1,1.0,0.05147148072719574
557,0.1,1,0.03842449188232422,0.01066216230392456,0.31553494930267334,0.04212336540222168,0.08724921941757202,0.023375725746154784,0,0.0,0,0.0,1,1.0,1,1.0,1,1.0,0.027762329578399657
161,0.1,1,0.0582449734210968,0.04649428129196167,0.2947741746902466,0.20916761159896852,0.14783504605293274,0.09002271294593811,0,0.0,0,0.0,1,1.0,1,1.0,1,1.0,0.011750692129135133
231,0.1,1,0.08151525259017944,0.0009173989295959472,0.39687323570251465,0.090506911277771,0.21654802560806274,0.06718376874923707,4,0.2,1,0.2,0,0.8,1,1.0,1,1.0,0.0805978536605835
531,0.1,1,0.05925661325454712,0.026858943700790405,0.25717902183532715,0.0947877287864685,0.0899752676486969,0.03357058167457581,0,0.0,0,0.0,1,1.0,1,1.0,1,1.0,0.03239766955375671
124,0.1,1,0.13793334364891052,0.037905019521713254,0.31405550241470337,0.11653114557266235,0.16852599382400513,0.06394649147987366,0,0.0,0,0.0,1,1.0,1,1.0,1,1.0,0.10002832412719727
637,0.1,1,0.015800535678863525,0.005089765787124634,0.3249722123146057,0.12913882732391357,0.06331562995910645,0.01554027795791626,0,0.0,0,0.0,1,1.0,1,1.0,1,1.0,0.010710769891738891
113,0.1,1,0.055540263652801514,0.051273119449615476,0.29856812953948975,0.20757882595062255,0.14222252368927002,0.10901497602462769,0,0.0,0,0.0,1,1.0,1,1.0,1,1.0,0.004267144203186038
308,0.1,1,0.013564705848693848,-0.0016668856143951416,0.4376333951950073,0.16728053092956544,0.21660026907920837,0.0709607481956482,0,0.0,0,0.0,1,1.0,1,1.0,1,1.0,0.01523159146308899
382,0.1,1,0.03489723801612854,-0.004800292849540711,0.20698660612106323,0.10461053848266602,0.05763012170791626,0.013440382480621339,0,0.0,0,0.0,1,1.0,1,1.0,1,1.0,0.03969753086566925
667,0.1,255,0.0041922926902771,-0.002209502458572388,0.3271498680114746,0.13229743242263795,0.04172886908054352,0.005223762989044189,935,-6.2,0,0.0,0,0.0,0,0.0,0,0.0,0.0064017951488494875
181,0.1,1,0.06403496861457825,0.043092387914657596,0.33819109201431274,0.17147367000579833,0.2183208465576172,0.09314554929733276,0,0.0,0,0.0,1,1.0,1,1.0,1,1.0,0.02094258069992065
418,0.1,1,0.13007435202598572,0.02685049772262573,0.35153526067733765,0.1276850700378418,0.2178431749343872,0.06501145362854004,0,0.0,0,0.0,1,1.0,1,1.0,1,1.0,0.10322385430335998
19,0.1,1,0.053392380475997925,0.04815626442432404,0.344663143157959,0.22930166721343995,0.07977068424224854,0.06391302049160004,0,0.6,0,0.2,1,0.8,1,1.0,1,1.0,0.005236116051673886
202,0.1,1,0.034298479557037354,0.0004945933818817138,0.4203144311904907,0.2256556510925293,0.1623779833316803,0.07499710321426392,0,0.0,0,0.0,1,1.0,1,1.0,1,1.0,0.03380388617515564
398,0.1,1,0.18828120827674866,0.08781306147575378,0.43839192390441895,0.21099450588226318,0.14567840099334717,0.0858739972114563,0,0.0,0,0.0,1,1.0,1,1.0,1,1.0,0.10046814680099488
90,0.1,1,0.1172352135181427,0.005357038974761963,0.38112199306488037,0.12841037511825562,0.13375425338745117,0.0221299946308136,31,0.4,1,0.2,0,0.8,0,1.0,0,1.0,0.11187817454338074
274,0.1,1,0.12788960337638855,0.020336180925369263,0.3693920969963074,0.1635023236274719,0.2215014398097992,0.08666227459907531,7,0.0,1,0.0,0,1.0,0,1.0,1,1.0,0.10755342245101929
433,0.1,1,0.05668710172176361,0.006302392482757569,0.3454599380493164,0.14644511938095092,0.12624981999397278,0.04118691086769104,5,0.0,1,0.0,0,1.0,0,1.0,1,1.0,0.050384709239006044
385,0.1,1,0.189093679189682,0.08922467827796936,0.41608893871307373,0.17536516189575196,0.22873204946517944,0.11589619517326355,0,0.0,0,0.0,1,1.0,1,1.0,1,1.0,0.09986900091171265
719,0.1,1,0.01996976137161255,0.024026161432266234,0.25045186281204224,0.16950138807296752,0.13110238313674927,0.07406748533248901,0,0.0,0,0.0,1,1.0,1,1.0,1,1.0,-0.004056400060653685
715,0.1,1,0.05933085083961487,0.026494279503822327,0.335657000541687,0.17667930126190184,0.16333246231079102,0.08580729961395264,0,0.0,0,0.0,1,1.0,1,1.0,1,1.0,0.03283657133579254
28,0.1,1,-0.00014507770538330078,0.019053691625595094,0.3933497667312622,0.23111047744750976,0.19843965768814087,0.11447654962539673,0,0.0,0,0.0,1,1.0,1,1.0,1,1.0,-0.019198769330978395
91,0.1,1,0.048888176679611206,0.014546972513198853,0.2717665433883667,0.12665611505508423,0.007858902215957642,0.015202349424362183,0,0.0,0,0.0,1,1.0,1,1.0,1,1.0,0.034341204166412356
728,0.1,1,0.060464680194854736,0.026705235242843628,0.2886406183242798,0.08757220506668091,0.1724226474761963,0.04849396944046021,0,0.0,0,0.0,1,1.0,1,1.0,1,1.0,0.03375944495201111
655,0.1,2,0.06885555386543274,0.0065756142139434814,0.4048418402671814,0.08599019050598145,0.16207394003868103,0.02289652228355408,3,0.0,0,0.0,0,0.2,1,1.0,1,1.0,0.06227993965148926
603,0.1,1,-0.013177156448364258,-0.007258516550064087,0.38227522373199463,0.05405547618865967,0.0887591540813446,0.0006729006767272949,0,0.0,0,0.0,1,1.0,1,1.0,1,1.0,-0.005918639898300171
338,0.1,358,0.008149296045303345,0.0005445420742034912,0.41253650188446045,0.15903502702713013,0.04950903356075287,-0.006054963171482086,500,-1.2,0,0.0,0,0.0,0,0.0,0,0.0,0.007604753971099854
562,0.1,10,-0.009761273860931396,0.002242755889892578,0.23505616188049316,0.1497540593147278,0.14117509126663208,0.07977380156517029,4,2.2,0,0.0,0,0.0,0,0.0,0,0.4,-0.012004029750823975
470,0.1,1,0.09095838665962219,0.07397819757461548,0.2943178415298462,0.2248366355895996,0.16987234354019165,0.13344284892082214,0,0.0,0,0.0,1,1.0,1,1.0,1,1.0,0.016980189085006717
323,0.1,1,0.11227864027023315,0.0461426854133606,0.23342090845108032,0.14363555908203124,0.12623059749603271,0.06826126575469971,0,0.0,0,0.0,1,1.0,1,1.0,1,1.0,0.06613595485687256
199,0.1,1,0.07345899939537048,0.02937343716621399,0.30529165267944336,0.11013270616531372,-0.00967627763748169,0.04114087820053101,0,0.0,0,0.0,1,1.0,1,1.0,1,1.0,0.044085562229156494
4,0.1,1,0.0008825361728668213,0.004333418607711792,0.3238227367401123,0.21784539222717286,0.14858907461166382,0.08355031609535217,0,0.0,0,0.0,1,1.0,1,1.0,1,1.0,-0.0034508824348449705
594,0.1,22,-0.02713841199874878,-0.005988320708274842,0.28145986795425415,0.13088085651397705,-0.027864784002304077,-0.002583649754524231,-20,-1.8,0,0.0,0,0.2,1,0.4,1,0.4,-0.02115009129047394
0,0.1,1,-0.007752537727355957,0.013337033987045287,0.3569501042366028,0.13726657629013062,0.15452438592910767,0.08575423955917358,0,0.0,0,0.0,1,1.0,1,1.0,1,1.0,-0.021089571714401244
682,0.1,1,0.0645551085472107,0.007355797290802002,0.22975993156433105,0.09634432792663575,0.11316365003585815,0.04633429050445557,0,0.0,0,0.0,1,1.0,1,1.0,1,1.0,0.05719931125640869
277,0.1,1,0.10056596994400024,0.0670948326587677,0.39725738763809204,0.18213961124420167,0.12023985385894775,0.07008242607116699,0,0.0,0,0.0,1,1.0,1,1.0,1,1.0,0.033471137285232544
6,0.1,1,0.06667421758174896,0.02770826518535614,0.398284912109375,0.19427040815353394,0.0865020751953125,0.0308218777179718,0,0.0,0,0.0,1,1.0,1,1.0,1,1.0,0.03896595239639282
208,0.1,1,-0.0038354992866516113,0.0020126223564147947,0.3671823740005493,0.2312346339225769,0.059844762086868286,0.029150253534317015,0,0.0,0,0.0,1,1.0,1,1.0,1,1.0,-0.005848121643066406
279,0.1,1,-0.007961869239807129,-0.016420906782150267,0.2927919626235962,0.19067786931991576,0.11786946654319763,0.04554782509803772,0,0.2,0,0.2,1,0.8,1,1.0,1,1.0,0.008459037542343138
322,0.1,1,-0.04178518056869507,0.004961955547332764,0.29017555713653564,0.06404505968093872,0.04367908835411072,0.02306646704673767,0,0.0,0,0.0,1,1.0,1,1.0,1,1.0,-0.046747136116027835
566,0.1,1,0.06943991780281067,0.012518566846847535,0.4293936491012573,0.08876327276229859,0.1304224729537964,0.03751763105392456,0,0.0,0,0.0,1,1.0,1,1.0,1,1.0,0.05692135095596314
219,0.1,1,0.13991045951843262,0.022304725646972657,0.34604132175445557,0.1423989176750183,0.16441482305526733,0.04269348978996277,0,0.0,0,0.0,1,1.0,1,1.0,1,1.0,0.11760573387145996
717,0.1,1,0.1329721212387085,0.07215799689292908,0.2887915372848511,0.20906866788864137,0.13387644290924072,0.10714787244796753,0,0.0,0,0.0,1,1.0,1,1.0,1,1.0,0.060814124345779416
367,0.1,1,-0.0026533305644989014,0.007196116447448731,0.18796515464782715,0.11017508506774902,0.04318857192993164,0.06041495800018311,0,0.0,0,0.0,1,1.0,1,1.0,1,1.0,-0.009849447011947631
58,0.1,1,0.07805481553077698,0.026669040322303772,0.40550684928894043,0.20459057092666627,0.1441081464290619,0.06640473604202271,0,0.0,0,0.0,1,1.0,1,1.0,1,1.0,0.051385775208473206
410,0.1,1,0.023600652813911438,0.0005770683288574219,0.42531853914260864,0.13929922580718995,0.2225911021232605,0.06729885935783386,3,0.4,1,0.2,0,0.8,1,1.0,1,1.0,0.023023584485054018
256,0.1,1,0.08723554015159607,0.03693569302558899,0.334470272064209,0.2297980308532715,0.1446990668773651,0.0882915735244751,0,0.0,0,0.0,1,1.0,1,1.0,1,1.0,0.05029984712600708
316,0.1,1,0.061531513929367065,0.0384887158870697,0.13877660036087036,0.07558019161224365,0.06347578763961792,0.04040483236312866,0,0.0,0,0.0,1,1.0,1,1.0,1,1.0,0.023042798042297363
188,0.1,1,0.020043134689331055,0.015862470865249632,0.33094191551208496,0.1749006986618042,0.0998605489730835,0.0702955663204193,0,0.0,0,0.0,1,1.0,1,1.0,1,1.0,0.004180663824081422
209,0.1,492,-0.018302440643310547,0.03186455965042114,0.23445355892181396,0.1543686032295227,0.016191184520721436,0.016951051354408265,155,357.4,0,0.0,0,0.0,0,0.0,0,0.0,-0.05016700029373169
309,0.1,1,0.013888180255889893,-0.006590497493743896,0.32992738485336304,0.259314501285553,0.1485918164253235,0.09277473092079162,0,0.0,0,0.0,1,1.0,1,1.0,1,1.0,0.02047867774963379
645,0.1,107,0.0023026466369628906,0.00637521743774414,0.2044391632080078,0.1404230237007141,0.00016207993030548096,0.007785150408744812,-10,96.6,0,0.0,0,0.0,0,0.0,0,0.0,-0.00407257080078125
272,0.1,1,0.05440440773963928,0.014299941062927247,0.3054302930831909,0.163511061668396,0.16682133078575134,0.08395680785179138,0,0.0,0,0.0,1,1.0,1,1.0,1,1.0,0.04010446667671204
318,0.1,1,0.11571809649467468,0.0511258065700531,0.3977370858192444,0.1563827157020569,0.222825288772583,0.09501394629478455,0,0.2,0,0.2,1,0.8,1,1.0,1,1.0,0.06459228992462158
29,0.1,1,0.08996900916099548,0.030696237087249757,0.2768610715866089,0.15211890935897826,0.17848747968673706,0.0838205099105835,0,0.0,0,0.0,1,1.0,1,1.0,1,1.0,0.059272772073745726
115,0.1,1,0.12363708019256592,0.0334778904914856,0.3516959547996521,0.11198772192001342,0.15448999404907227,0.0549546480178833,0,0.0,0,0.0,1,1.0,1,1.0,1,1.0,0.09015918970108032
441,0.1,1,0.10036629438400269,0.06794670224189758,0.22466766834259033,0.16305327415466309,0.12563276290893555,0.11233141422271728,0,0.0,0,0.0,1,1.0,1,1.0,1,1.0,0.0324195921421051
63,0.1,1,0.0026946067810058594,0.009337431192398072,0.355613112449646,0.20904951095581054,0.08832404017448425,0.06182466149330139,0,0.0,0,0.0,1,1.0,1,1.0,1,1.0,-0.006642824411392212
648,0.1,109,-0.005626857280731201,0.020772761106491087,0.26714324951171875,0.15437090396881104,-0.0019021779298782349,0.016665662825107574,-51,68.6,0,0.0,0,0.0,0,0.0,0,0.0,-0.02639961838722229
177,0.1,1,0.10281261801719666,0.021579658985137938,0.3200682997703552,0.07759703397750854,0.15795454382896423,0.04100463390350342,0,0.0,0,0.0,1,1.0,1,1.0,1,1.0,0.08123295903205871
499,0.1,1,0.13021314144134521,0.014787018299102783,0.3536316752433777,0.12299240827560425,0.17440462112426758,0.03290674090385437,6,0.0,1,0.0,0,1.0,0,1.0,1,1.0,0.11542612314224243
60,0.1,1,0.2656309902667999,0.02978571057319641,0.40046006441116333,0.11613936424255371,0.24515050649642944,0.045743691921234134,0,0.0,0,0.0,1,1.0,1,1.0,1,1.0,0.23584527969360353
365,0.1,1,0.028003215789794922,0.013839882612228394,0.22293627262115479,0.10180341005325318,0.05130380392074585,0.025772351026535033,1,0.2,1,0.2,0,0.8,1,1.0,1,1.0,0.014163333177566528
673,0.1,1,0.03661447763442993,0.011020335555076598,0.3901292085647583,0.07920104265213013,0.13672193884849548,0.021979129314422606,0,0.0,0,0.0,1,1.0,1,1.0,1,1.0,0.025594142079353333
428,0.1,1,0.12430936098098755,0.03762500286102295,0.43099528551101685,0.27252836227416993,0.23246347904205322,0.12059857249259949,0,0.0,0,0.0,1,1.0,1,1.0,1,1.0,0.0866843581199646
297,0.1,1,0.012141823768615723,0.024879109859466553,0.36658304929733276,0.24211084842681885,0.10055992007255554,0.0563992440700531,0,1.8,0,0.2,1,0.8,1,0.8,1,1.0,-0.01273728609085083
347,0.1,1,-0.02133038640022278,-0.00644989013671875,0.2575984001159668,0.08750633001327515,0.03922995924949646,0.013095313310623169,0,0.0,0,0.0,1,1.0,1,1.0,1,1.0,-0.014880496263504028
669,0.1,1,-0.03998628258705139,-0.010084348917007446,0.384002685546875,0.13499555587768555,0.04856601357460022,0.01926506161689758,0,0.0,0,0.0,1,1.0,1,1.0,1,1.0,-0.029901933670043946
379,0.1,1,0.0062840282917022705,-0.002014315128326416,0.4095255136489868,0.20143252611160278,0.16249215602874756,0.07900724411010743,0,0.0,0,0.0,1,1.0,1,1.0,1,1.0,0.008298343420028687
393,0.1,1,-0.008202552795410156,-0.012158012390136719,0.2725403904914856,0.09859459400177002,0.0737057626247406,0.0049898624420166016,0,0.0,0,0.0,1,1.0,1,1.0,1,1.0,0.003955459594726563
609,0.1,1,0.03857654333114624,0.029038825631141664,0.3370738625526428,0.20764436721801757,0.06553712487220764,0.05075888037681579,0,0.0,0,0.0,1,1.0,1,1.0,1,1.0,0.009537717700004576
727,0.1,1,-0.037227481603622437,-0.003242015838623047,0.39908814430236816,0.09741737842559814,0.2065906524658203,0.02809196710586548,0,0.0,0,0.0,1,1.0,1,1.0,1,1.0,-0.03398546576499939
137,0.1,1,0.015020668506622314,-0.0008777081966400146,0.3383338451385498,0.1999937653541565,0.09381929039955139,0.03858628273010254,1,0.6,1,0.6,0,0.4,1,1.0,1,1.0,0.01589837670326233
132,0.1,1,0.12760597467422485,0.09968137741088867,0.28406697511672974,0.19177554845809935,0.15211403369903564,0.10835368633270263,0,0.0,0,0.0,1,1.0,1,1.0,1,1.0,0.02792459726333618
568,0.1,1,0.17975138127803802,0.07201104760169982,0.3665315508842468,0.1779613733291626,0.18155449628829956,0.08434302806854248,0,0.0,0,0.0,1,1.0,1,1.0,1,1.0,0.1077403336763382
230,0.1,1,0.05959659814834595,0.008583635091781616,0.23271334171295166,0.04763413667678833,0.09171086549758911,-0.0007080495357513428,2,0.0,1,0.0,0,1.0,1,1.0,1,1.0,0.05101296305656433
289,0.1,8,-0.01025313138961792,0.0010615289211273193,0.10729634761810303,0.06369167566299438,0.04184240102767944,0.01456041932106018,7,1.2,0,0.0,0,0.0,0,0.0,0,0.8,-0.01131466031074524
593,0.1,1,0.06857544183731079,0.00785219669342041,0.21916472911834717,0.1164929747581482,0.08061686158180237,0.014760148525238038,0,0.0,0,0.0,1,1.0,1,1.0,1,1.0,0.06072324514389038
293,0.1,1,0.05683821439743042,0.023738539218902587,0.079315185546875,0.05604795217514038,0.05479145050048828,0.023758482933044434,0,0.0,0,0.0,1,1.0,1,1.0,1,1.0,0.03309967517852783
204,0.1,2720,-0.0428866446018219,-0.0027933895587921144,0.32807838916778564,0.18162381649017334,0.000964723527431488,0.014428701251745224,-841,1563.6,0,0.0,0,0.0,0,0.0,0,0.0,-0.04009325504302978
503,0.1,1,0.06306648254394531,0.011479681730270386,0.3231534957885742,0.10791774988174438,0.16057270765304565,0.03858152627944946,0,0.0,0,0.0,1,1.0,1,1.0,1,1.0,0.05158680081367493
446,0.1,162,-0.04776555299758911,-0.04068644344806671,0.4507753849029541,0.09659271240234375,0.00030362606048583984,0.0056758284568786625,-12,-13.4,0,0.0,0,0.0,0,0.0,0,0.0,-0.0070791095495224
271,0.1,1,0.013412922620773315,0.02065841555595398,0.22972607612609863,0.15148545503616334,-0.0154152512550354,0.04339559674263001,1,1.4,1,0.8,0,0.2,1,1.0,1,1.0,-0.007245492935180665
700,0.1,1,0.030606120824813843,0.0005240857601165772,0.30928492546081543,0.07076500654220581,0.12564930319786072,0.021407502889633178,1,0.2,1,0.2,0,0.8,1,1.0,1,1.0,0.030082035064697265
721,0.1,1,0.12593936920166016,0.019663602113723755,0.3734729290008545,0.10794442892074585,0.141363263130188,0.04958844184875488,0,0.0,0,0.0,1,1.0,1,1.0,1,1.0,0.1062757670879364
356,0.1,1,0.05938270688056946,0.035416871309280396,0.23573946952819824,0.10487556457519531,0.08494099974632263,0.0383779227733612,0,0.0,0,0.0,1,1.0,1,1.0,1,1.0,0.023965835571289062
663,0.1,2,0.016255736351013184,0.012941515445709229,0.30765897035598755,0.08600378036499023,0.08582007884979248,0.033438318967819215,0,0.6,0,0.0,0,0.0,1,1.0,1,1.0,0.0033142209053039547
130,0.1,1,0.08733788132667542,0.011952710151672364,0.3771473169326782,0.06556878089904786,0.16200155019760132,0.017814278602600098,0,0.0,0,0.0,1,1.0,1,1.0,1,1.0,0.07538517117500305
569,0.1,1,0.015847504138946533,0.033620786666870114,0.2159949541091919,0.14699966907501222,0.021543771028518677,0.03460385799407959,0,0.0,0,0.0,1,1.0,1,1.0,1,1.0,-0.01777328252792358
493,0.1,1,0.0741511732339859,0.01963798701763153,0.37163686752319336,0.20734724998474122,0.055338889360427856,0.027590835094451906,0,0.0,0,0.0,1,1.0,1,1.0,1,1.0,0.05451318621635437
153,0.1,1,-0.004327297210693359,0.005367386341094971,0.30626869201660156,0.1758303761482239,-0.009691745042800903,0.03043128252029419,0,0.0,0,0.0,1,1.0,1,1.0,1,1.0,-0.00969468355178833
180,0.1,1,0.10272631049156189,0.06275807917118073,0.46913766860961914,0.22141563892364502,0.16267463564872742,0.07787969708442688,0,0.0,0,0.0,1,1.0,1,1.0,1,1.0,0.03996823132038116
139,0.1,1,0.010397553443908691,0.0426794171333313,0.3422192335128784,0.13607231378555298,0.05277770757675171,0.04892789721488953,0,0.0,0,0.0,1,1.0,1,1.0,1,1.0,-0.03228186368942261
675,0.1,1,0.055675208568573,0.04858540296554566,0.27572035789489746,0.1289615035057068,0.12139415740966797,0.07021864652633666,0,0.0,0,0.0,1,1.0,1,1.0,1,1.0,0.007089805603027341
206,0.1,2,-0.0056871771812438965,-0.009822595119476318,0.28221750259399414,0.15655730962753295,0.10749936103820801,0.04121619462966919,0,0.0,0,0.0,0,0.0,1,1.0,1,1.0,0.004135417938232421
296,0.1,1,0.10529512166976929,0.03000591993331909,0.32143187522888184,0.1514682650566101,0.15073221921920776,0.03844003081321716,0,0.0,0,0.0,1,1.0,1,1.0,1,1.0,0.07528920173645019
15,0.1,1,-0.025404810905456543,0.0031794726848602293,0.28194987773895264,0.12598495483398436,0.048456668853759766,0.04653743505477905,0,0.0,0,0.0,1,1.0,1,1.0,1,1.0,-0.028584283590316773
523,0.1,1,0.13981562852859497,0.03022673726081848,0.39217454195022583,0.15428706407546997,0.1875706911087036,0.05100630521774292,0,0.0,0,0.0,1,1.0,1,1.0,1,1.0,0.10958889126777649
41,0.1,1,0.06139799952507019,0.02492520809173584,0.35486721992492676,0.11992155313491822,0.17327675223350525,0.053046131134033205,0,0.0,0,0.0,1,1.0,1,1.0,1,1.0,0.03647279143333435
406,0.1,1,-0.058057546615600586,-0.0025234103202819826,0.41898322105407715,0.07606337070465088,0.09505262970924377,0.027358055114746094,0,0.0,0,0.0,1,1.0,1,1.0,1,1.0,-0.0555341362953186
611,0.1,1,0.08144181966781616,0.009145066142082214,0.44426077604293823,0.033656525611877444,0.07798072695732117,0.006200945377349854,0,0.0,0,0.0,1,1.0,1,1.0,1,1.0,0.07229675352573395
203,0.1,1,0.1640499234199524,0.0394742488861084,0.36425697803497314,0.13467135429382324,0.1438799500465393,0.03370092511177063,0,0.0,0,0.0,1,1.0,1,1.0,1,1.0,0.124575674533844
93,0.1,1,0.020380765199661255,0.008178508281707764,0.2638758420944214,0.06454092264175415,0.053271472454071045,0.015240168571472168,0,0.0,0,0.0,1,1.0,1,1.0,1,1.0,0.01220225691795349
583,0.1,2,0.0021892189979553223,0.01665656566619873,0.3644535541534424,0.19884767532348632,0.16041654348373413,0.08769474625587463,0,0.0,0,0.0,0,0.0,1,1.0,1,1.0,-0.014467346668243408
438,0.1,2,-0.002558201551437378,-0.01962301731109619,0.3890037536621094,0.1422344446182251,0.057689547538757324,0.012306970357894898,0,-0.2,0,0.0,0,0.6,1,1.0,1,1.0,0.017064815759658812
131,0.1,1,0.01390126347541809,0.0018917202949523925,0.3680851459503174,0.24128928184509277,-0.008171677589416504,0.023777759075164794,0,0.0,0,0.0,1,1.0,1,1.0,1,1.0,0.012009543180465699
148,0.1,32,-0.01086464524269104,-0.010290384292602539,0.27147066593170166,0.18153007030487062,0.012296080589294434,0.009910571575164794,-3,3.6,0,0.0,0,0.0,0,0.0,0,0.0,-0.000574260950088501
312,0.1,9,0.04231245815753937,-0.005991113185882568,0.22731143236160278,0.06154258251190185,0.033011242747306824,-0.0031592845916748047,10,-3.6,0,0.0,0,0.2,0,0.4,0,1.0,0.04830357134342193
117,0.1,4,0.04082077741622925,0.006074732542037964,0.3094280958175659,0.10465424060821533,0.03168988227844238,0.006973189115524292,2,0.8,0,0.0,0,0.0,0,0.6,1,1.0,0.034746044874191286
396,0.1,1,0.04892824590206146,0.025804555416107176,0.40050673484802246,0.058003675937652585,0.11770448088645935,0.022754573822021486,0,0.0,0,0.0,1,1.0,1,1.0,1,1.0,0.023123690485954286
644,0.1,1,-0.017453670501708984,-0.014046907424926758,0.21048963069915771,0.09257216453552246,0.05204737186431885,0.014759105443954468,0,0.0,0,0.0,1,1.0,1,1.0,1,1.0,-0.0034067630767822266
488,0.1,1,0.14671242237091064,0.0526167094707489,0.2681993842124939,0.1346835970878601,0.14284265041351318,0.07289029359817505,0,0.0,0,0.0,1,1.0,1,1.0,1,1.0,0.09409571290016175
32,0.1,1,0.09356415271759033,0.06291001439094543,0.26585638523101807,0.17310172319412231,0.15154069662094116,0.09836676120758056,0,0.0,0,0.0,1,1.0,1,1.0,1,1.0,0.030654138326644903
584,0.1,1,0.03312769532203674,-0.0028709292411804197,0.36589378118515015,0.17823606729507446,0.19896304607391357,0.08438366651535034,0,0.0,0,0.0,1,1.0,1,1.0,1,1.0,0.03599862456321716
77,0.1,1,0.0024562180042266846,0.007286792993545533,0.29118168354034424,0.12993687391281128,0.17146116495132446,0.06890540719032287,0,0.0,0,0.0,1,1.0,1,1.0,1,1.0,-0.004830574989318848
220,0.1,1,0.1525305211544037,-0.01016799509525299,0.34369152784347534,0.1363653779029846,0.15295688807964325,0.0013219892978668212,37,0.0,1,0.0,0,1.0,0,1.0,0,1.0,0.16269851624965667
677,0.1,1,0.016607463359832764,0.011528682708740235,0.23451745510101318,0.13961316347122193,0.11774641275405884,0.05813591480255127,0,0.0,0,0.0,1,1.0,1,1.0,1,1.0,0.005078780651092529
288,0.1,1,0.005841732025146484,0.008700919151306153,0.12361729145050049,0.057347571849823,-0.04852485656738281,0.024775540828704833,0,0.0,0,0.0,1,1.0,1,1.0,1,1.0,-0.0028591871261596687
681,0.1,1,0.03608390688896179,0.00913642644882202,0.4014843702316284,0.10505083799362183,0.11347591876983643,0.04100765585899353,0,0.0,0,0.0,1,1.0,1,1.0,1,1.0,0.02694748044013977
197,0.1,1,0.01878228783607483,0.006369826197624206,0.334675669670105,0.1722901701927185,0.062213003635406494,0.05050007700920105,0,0.0,0,0.0,1,1.0,1,1.0,1,1.0,0.012412461638450622
526,0.1,1,0.035297542810440063,0.01679297685623169,0.31520527601242065,0.1374222755432129,0.10238662362098694,0.053872483968734744,0,0.0,0,0.0,1,1.0,1,1.0,1,1.0,0.018504565954208373
67,0.1,1,0.10444408655166626,0.03518439531326294,0.2715349793434143,0.11402148008346558,0.10351282358169556,0.04281363487243652,0,0.0,0,0.0,1,1.0,1,1.0,1,1.0,0.06925969123840332
506,0.1,1,0.05652409791946411,0.03139957785606384,0.24918019771575928,0.165285861492157,0.16679739952087402,0.0985525131225586,0,0.0,0,0.0,1,1.0,1,1.0,1,1.0,0.02512452006340027
725,0.1,1,0.08991268277168274,0.011957406997680664,0.3236837387084961,0.12629657983779907,0.13276970386505127,0.04556589126586914,0,0.0,0,0.0,1,1.0,1,1.0,1,1.0,0.07795527577400208
126,0.1,328,-0.032051026821136475,-0.011694419384002685,0.2090848684310913,0.12998427152633668,-0.023149430751800537,-0.012118840217590332,-141,-51.2,0,0.0,0,0.0,0,0.0,0,0.0,-0.02035660743713379
413,0.1,1,0.05275794863700867,0.021829646825790406,0.36714088916778564,0.06854287385940552,0.17237737774848938,0.025211918354034423,0,0.0,0,0.0,1,1.0,1,1.0,1,1.0,0.03092830181121826
507,0.1,1,0.0877026617527008,0.02455245852470398,0.42562150955200195,0.11863265037536622,0.17024800181388855,0.04599100947380066,0,0.0,0,0.0,1,1.0,1,1.0,1,1.0,0.06315020322799683
243,0.1,1,0.05544465780258179,0.04023787975311279,0.2784010171890259,0.16311615705490112,0.020315438508987427,0.017014962434768677,1,0.6,1,0.4,0,0.6,1,1.0,1,1.0,0.015206778049468996
330,0.1,1,0.035989999771118164,0.00856361985206604,0.47196388244628906,0.06222399473190308,0.2315775454044342,0.020066070556640624,0,0.0,0,0.0,1,1.0,1,1.0,1,1.0,0.027426379919052123
52,0.1,1,-0.032998889684677124,0.0013209104537963868,0.39640843868255615,0.1332061767578125,0.10695397853851318,0.051777046918869016,0,0.0,0,0.0,1,1.0,1,1.0,1,1.0,-0.03431980013847351
55,0.1,1,0.11103802919387817,0.022014600038528443,0.3386915922164917,0.06842080354690552,0.1958678960800171,0.0274544358253479,0,0.0,0,0.0,1,1.0,1,1.0,1,1.0,0.08902342915534973
430,0.1,1,0.1807098388671875,0.1092696875333786,0.32769525051116943,0.26603366136550904,0.16848254203796387,0.12656455039978026,0,0.0,0,0.0,1,1.0,1,1.0,1,1.0,0.0714401513338089
133,0.1,1,0.03344249725341797,0.00024034380912780763,0.40159326791763306,0.18368815183639525,0.19670253992080688,0.0799513578414917,1,0.0,1,0.0,0,1.0,1,1.0,1,1.0,0.03320215344429016
196,0.1,1,0.07020854949951172,0.02288641333580017,0.4035666584968567,0.14919874668121338,0.14084377884864807,0.04971155524253845,0,0.0,0,0.0,1,1.0,1,1.0,1,1.0,0.047322136163711545
463,0.1,1,0.07216376066207886,0.0360683798789978,0.3436693549156189,0.16389628648757934,0.20454800128936768,0.09576185941696166,0,0.0,0,0.0,1,1.0,1,1.0,1,1.0,0.036095380783081055
57,0.1,1,0.02085736393928528,0.007094967365264893,0.24622511863708496,0.0646280288696289,0.1434153914451599,0.020270347595214844,0,0.0,0,0.0,1,1.0,1,1.0,1,1.0,0.013762396574020386
684,0.1,1,0.05493652820587158,0.015973639488220216,0.33173948526382446,0.11515146493911743,0.18088483810424805,0.06287729740142822,0,0.0,0,0.0,1,1.0,1,1.0,1,1.0,0.03896288871765137
255,0.1,1,0.009202256798744202,0.0011805087327957154,0.2540314197540283,0.20516785383224487,0.024590328335762024,0.015924498438835144,4,2.2,1,0.4,0,0.6,1,0.8,1,1.0,0.008021748065948487
321,0.1,1,-0.05805984139442444,0.015911287069320677,0.20562684535980225,0.1416359305381775,-0.008340895175933838,0.044876372814178465,0,0.0,0,0.0,1,1.0,1,1.0,1,1.0,-0.07397112846374512
540,0.1,1,0.04915052652359009,-0.005710923671722412,0.28720521926879883,0.1376057505607605,0.14112773537635803,0.039995163679122925,0,0.0,0,0.0,1,1.0,1,1.0,1,1.0,0.0548614501953125
155,0.1,1,0.016600996255874634,0.0248003751039505,0.3128250241279602,0.15453753471374512,0.030785083770751953,0.05146897435188293,0,0.0,0,0.0,1,1.0,1,1.0,1,1.0,-0.008199378848075867
378,0.1,1,-0.03180709481239319,0.011107444763183594,0.3043464422225952,0.123149836063385,0.09996747970581055,0.05729527473449707,0,0.0,0,0.0,1,1.0,1,1.0,1,1.0,-0.04291453957557678
395,0.1,1,0.13315226137638092,0.02182554006576538,0.3438178300857544,0.09725357294082641,0.12472766637802124,0.026077187061309813,0,0.0,0,0.0,1,1.0,1,1.0,1,1.0,0.11132672131061554
229,0.1,1,0.010992228984832764,0.01600976586341858,0.39383888244628906,0.25609601736068727,0.16267958283424377,0.1117816686630249,0,0.0,0,0.0,1,1.0,1,1.0,1,1.0,-0.005017536878585815
431,0.1,1,0.009361863136291504,0.005553555488586426,0.31101906299591064,0.19928419589996338,0.04957097768783569,0.04030181765556336,0,0.0,0,0.0,1,1.0,1,1.0,1,1.0,0.0038083076477050783
580,0.1,27,-0.02187684178352356,-0.007001361250877381,0.344136118888855,0.17029463052749633,0.08935903012752533,0.02537589967250824,3,5.8,0,0.0,0,0.0,0,0.0,0,0.0,-0.014875480532646179
176,0.1,1,0.12374728918075562,0.0010127246379852295,0.5141887664794922,0.0829538106918335,0.14435499906539917,0.010414320230484008,0,0.0,0,0.0,1,1.0,1,1.0,1,1.0,0.12273456454277039
278,0.1,1,0.026989489793777466,-0.005651932954788208,0.31897830963134766,0.1148856520652771,0.07396581768989563,0.018551963567733764,0,0.0,0,0.0,1,1.0,1,1.0,1,1.0,0.03264142274856567
585,0.1,1,0.14105400443077087,0.07862595319747925,0.3585129976272583,0.1830422043800354,0.1608552634716034,0.09170385003089905,0,0.0,0,0.0,1,1.0,1,1.0,1,1.0,0.06242805123329162
475,0.1,1,0.058452263474464417,0.021087759733200075,0.3428141474723816,0.17852026224136353,0.15024074912071228,0.07494238018989563,0,0.0,0,0.0,1,1.0,1,1.0,1,1.0,0.03736450374126434
467,0.1,1,0.06572598218917847,0.02826761603355408,0.32123076915740967,0.1344987630844116,0.16758018732070923,0.08235353231430054,0,0.0,0,0.0,1,1.0,1,1.0,1,1.0,0.03745836615562439
515,0.1,1,0.0392015278339386,0.014497604966163636,0.43866896629333496,0.12467002868652344,0.15587297081947327,0.03402373194694519,0,0.0,0,0.0,1,1.0,1,1.0,1,1.0,0.024703922867774963
731,0.1,1,0.04749274253845215,0.0075599908828735355,0.3213343620300293,0.07537972927093506,0.0590401291847229,0.01153058409690857,0,0.0,0,0.0,1,1.0,1,1.0,1,1.0,0.039932751655578615
360,0.1,1,0.1038253903388977,0.02588271498680115,0.44935178756713867,0.1803956389427185,0.2237614393234253,0.06396951675415039,0,0.0,0,0.0,1,1.0,1,1.0,1,1.0,0.07794267535209656
371,0.1,1,0.0724097490310669,0.01571703255176544,0.31343352794647217,0.16625499725341797,0.13743466138839722,0.062176233530044554,0,0.0,0,0.0,1,1.0,1,1.0,1,1.0,0.05669271647930145
579,0.1,1,0.19196981191635132,0.11025269627571106,0.4216940999031067,0.2293526291847229,0.19470372796058655,0.11246913075447082,0,0.0,0,0.0,1,1.0,1,1.0,1,1.0,0.08171711564064026
560,0.1,1,0.04308730363845825,0.018451088666915895,0.26619625091552734,0.0944522738456726,0.08153015375137329,0.0287589430809021,0,0.0,0,0.0,1,1.0,1,1.0,1,1.0,0.024636214971542357
151,0.1,1,-0.014226555824279785,0.0121143639087677,0.23703616857528687,0.18102337121963502,0.027605384588241577,0.03650379180908203,0,0.0,0,0.0,1,1.0,1,1.0,1,1.0,-0.026340919733047485
261,0.1,1,0.036039650440216064,0.03309076428413391,0.1340726613998413,0.07956737279891968,0.05458521842956543,0.033439481258392335,0,0.0,0,0.0,1,1.0,1,1.0,1,1.0,0.002948886156082152
625,0.1,1,0.1091964840888977,0.0015226036310195922,0.3066343069076538,0.11888613700866699,0.09669938683509827,0.02152285575866699,4,0.0,1,0.0,0,1.0,1,1.0,1,1.0,0.10767388045787811
328,0.1,1,0.07632559537887573,0.021032774448394777,0.2835458517074585,0.078918719291687,0.0701221227645874,0.01925051212310791,0,0.0,0,0.0,1,1.0,1,1.0,1,1.0,0.055292820930480956
165,0.1,55,-0.06681796908378601,0.0008841663599014282,0.27091509103775024,0.12210342884063721,0.010382294654846191,0.010106399655342102,-37,12.0,0,0.0,0,0.0,0,0.0,0,0.0,-0.06770213544368744
563,0.1,1,0.056567370891571045,0.006577402353286743,0.4278898239135742,0.06296037435531616,0.07563978433609009,0.012444281578063964,0,0.0,0,0.0,1,1.0,1,1.0,1,1.0,0.0499899685382843
552,0.1,1,0.06843394041061401,0.039938682317733766,0.20396941900253296,0.10728728771209717,0.06620872020721436,0.06048901081085205,0,0.0,0,0.0,1,1.0,1,1.0,1,1.0,0.028495258092880248
304,0.1,1,0.10694316029548645,0.020794397592544554,0.46794015169143677,0.11570035219192505,0.24847397208213806,0.046705889701843264,0,0.0,0,0.0,1,1.0,1,1.0,1,1.0,0.08614876270294189
69,0.1,1,0.03381320834159851,0.0027613788843154907,0.1948554515838623,0.12500267028808593,0.07968360185623169,0.01309911608695984,0,0.0,0,0.0,1,1.0,1,1.0,1,1.0,0.03105182945728302
366,0.1,1,0.046653687953948975,0.01082790493965149,0.32486075162887573,0.057159805297851564,0.1560642123222351,0.026150107383728027,0,0.0,0,0.0,1,1.0,1,1.0,1,1.0,0.03582578301429749
23,0.1,1,0.051244258880615234,0.05788571238517761,0.3348262310028076,0.24853461980819702,0.11229145526885986,0.07936902642250061,0,0.2,0,0.2,1,0.8,1,1.0,1,1.0,-0.0066414535045623765
524,0.1,1,0.0035304129123687744,0.0014455676078796386,0.3074972629547119,0.16720182895660402,0.003726661205291748,-0.00281948447227478,0,0.0,0,0.0,1,1.0,1,1.0,1,1.0,0.002084845304489136
422,0.1,1,0.09619590640068054,0.012790447473526001,0.2878469228744507,0.12168207168579101,0.1887621283531189,0.07537155151367188,0,0.0,0,0.0,1,1.0,1,1.0,1,1.0,0.08340545892715454
726,0.1,2,0.02748069167137146,-0.011729907989501954,0.38307905197143555,0.16351454257965087,0.1700522005558014,0.04294663667678833,8,0.0,0,0.0,0,0.0,0,1.0,1,1.0,0.03921059966087341
246,0.1,1,0.020479559898376465,0.01346663236618042,0.2750025987625122,0.1431804895401001,0.1563132405281067,0.08380787372589112,0,0.4,0,0.4,1,0.6,1,1.0,1,1.0,0.007012927532196045
97,0.1,1,0.12360715866088867,0.02335888147354126,0.39415788650512695,0.11738741397857666,0.17773950099945068,0.06506869792938233,1,0.0,1,0.0,0,1.0,1,1.0,1,1.0,0.10024827718734741
16,0.1,1,0.08458858728408813,0.013196998834609985,0.26711970567703247,0.1527942895889282,0.09199881553649902,0.03293873071670532,0,0.0,0,0.0,1,1.0,1,1.0,1,1.0,0.07139158844947815
723,0.1,1,-0.03790512681007385,0.0031501054763793945,0.3683464527130127,0.12533504962921144,0.045593976974487305,0.022615355253219605,0,0.0,0,0.0,1,1.0,1,1.0,1,1.0,-0.04105523228645325
250,0.15,1,0.026471734046936035,0.01824415326118469,0.4211106300354004,0.338288414478302,0.11447468400001526,0.08220636248588561,0,0.0,0,0.0,1,1.0,1,1.0,1,1.0,0.008227580785751344
190,0.15,1,0.07157358527183533,0.017869621515274048,0.4637412428855896,0.17834819555282594,0.2954102158546448,0.09414072632789612,0,0.0,0,0.0,1,1.0,1,1.0,1,1.0,0.05370396375656128
505,0.15,1,0.11921733617782593,0.031170803308486938,0.41698139905929565,0.21566025018692017,0.1331266462802887,0.07854506373405457,4,0.6,1,0.2,0,0.8,1,1.0,1,1.0,0.08804653286933899
486,0.15,1,0.005737602710723877,0.019793051481246948,0.5195339322090149,0.2915905833244324,0.08905327320098877,0.06368191838264466,0,0.4,0,0.2,1,0.8,1,1.0,1,1.0,-0.01405544877052307
72,0.15,1,0.10086816549301147,0.04617026448249817,0.36761558055877686,0.27604691982269286,0.15859821438789368,0.10249366760253906,0,0.0,0,0.0,1,1.0,1,1.0,1,1.0,0.054697901010513306
222,0.15,1,0.02752809226512909,0.005892112851142883,0.5020791292190552,0.13239748477935792,0.07342961430549622,0.02986355423927307,0,0.0,0,0.0,1,1.0,1,1.0,1,1.0,0.021635979413986206
42,0.15,1,0.06617653369903564,0.007615077495574951,0.20873022079467773,0.13532595634460448,0.04247939586639404,0.004950779676437378,0,0.0,0,0.0,1,1.0,1,1.0,1,1.0,0.05856145620346069
59,0.15,1,0.04571753740310669,0.04125881791114807,0.2804951071739197,0.144916832447052,0.16792887449264526,0.0894817590713501,0,0.0,0,0.0,1,1.0,1,1.0,1,1.0,0.0044587194919586196
598,0.15,1,0.16474981606006622,0.13458095192909242,0.40846896171569824,0.26572571992874144,0.20540013909339905,0.1220714807510376,0,0.0,0,0.0,1,1.0,1,1.0,1,1.0,0.030168864130973805
136,0.15,1,0.08568477630615234,0.03320748209953308,0.4239656925201416,0.21532258987426758,0.1463395357131958,0.07010374665260315,0,0.0,0,0.0,1,1.0,1,1.0,1,1.0,0.052477294206619264
686,0.15,1,0.21939916908740997,0.08474841117858886,0.6828088760375977,0.1985345959663391,0.28323692083358765,0.1079621136188507,0,0.0,0,0.0,1,1.0,1,1.0,1,1.0,0.1346507579088211
567,0.15,1,0.05933097004890442,0.0449314296245575,0.4114152193069458,0.18876484632492066,0.2319273054599762,0.11083550453186035,0,0.0,0,0.0,1,1.0,1,1.0,1,1.0,0.014399540424346921
343,0.15,1,0.08923149108886719,0.059098070859909056,0.3056752681732178,0.17139070034027098,0.12099480628967285,0.06758413314819336,0,0.0,0,0.0,1,1.0,1,1.0,1,1.0,0.03013342022895813
482,0.15,1,0.05472227931022644,0.05619233250617981,0.35132306814193726,0.2749475479125977,0.11556851863861084,0.11040850281715393,0,0.0,0,0.0,1,1.0,1,1.0,1,1.0,-0.0014700531959533705
689,0.15,1,0.08647912740707397,0.030899852514266968,0.43413400650024414,0.12784459590911865,0.22930699586868286,0.057179808616638184,0,0.0,0,0.0,1,1.0,1,1.0,1,1.0,0.05557927489280701
129,0.15,1,0.039873287081718445,0.023808470368385314,0.3952749967575073,0.2546824932098389,0.04201731085777283,0.004420825839042663,0,0.0,0,0.0,1,1.0,1,1.0,1,1.0,0.01606481671333313
334,0.15,1,0.13236108422279358,0.08149982392787933,0.436450719833374,0.27773324251174925,0.23149943351745605,0.12929700016975404,0,0.0,0,0.0,1,1.0,1,1.0,1,1.0,0.05086126029491425
242,0.15,1,-0.003930807113647461,-0.002736860513687134,0.4370502233505249,0.25305585861206054,0.16576537489891052,0.09140493869781494,0,0.4,0,0.4,1,0.6,1,1.0,1,1.0,-0.001193946599960327
211,0.15,1,0.10057681798934937,0.04486989378929138,0.38856732845306396,0.19004430770874023,0.12664353847503662,0.08596069812774658,0,0.0,0,0.0,1,1.0,1,1.0,1,1.0,0.05570692420005798
315,0.15,18,0.02338305115699768,0.0029694437980651855,0.15090620517730713,0.10638798475265503,-0.033884257078170776,0.0038566350936889648,0,0.0,0,0.0,0,0.0,0,0.0,0,0.0,0.020413607358932495
332,0.15,1,0.02356410026550293,0.027699702978134157,0.34810376167297363,0.3062718629837036,0.019282042980194092,0.012266170978546143,0,0.0,0,0.0,1,1.0,1,1.0,1,1.0,-0.004135602712631227
544,0.15,1,0.16465944051742554,0.08314170241355896,0.3908557891845703,0.13603519201278685,0.18592500686645508,0.06948028206825256,0,0.0,0,0.0,1,1.0,1,1.0,1,1.0,0.08151773810386657
43,0.15,1,0.07001318037509918,0.027284422516822816,0.3440478444099426,0.1613323211669922,0.0809115469455719,0.04951030611991882,0,0.0,0,0.0,1,1.0,1,1.0,1,1.0,0.042728757858276366
36,0.15,1,0.0845268964767456,0.01897246241569519,0.3774425983428955,0.18892972469329833,0.22023698687553406,0.08983218073844909,3,0.4,1,0.2,0,0.8,1,1.0,1,1.0,0.06555443406105041
245,0.15,1,0.23239821195602417,0.029741561412811278,0.39045214653015137,0.15520204305648805,0.24616679549217224,0.07466485500335693,0,0.0,0,0.0,1,1.0,1,1.0,1,1.0,0.20265665054321289
624,0.15,1,0.060527950525283813,0.04288477897644043,0.30656301975250244,0.16093666553497316,0.07562515139579773,0.035862529277801515,0,0.0,0,0.0,1,1.0,1,1.0,1,1.0,0.017643171548843387
163,0.15,2,-0.005213096737861633,-0.007405903935432434,0.47375714778900146,0.2647029161453247,0.031150534749031067,0.011382898688316346,0,-0.4,0,0.0,0,0.4,1,1.0,1,1.0,0.0021928071975708006
307,0.15,1,0.031132176518440247,0.05997353196144104,0.41764765977859497,0.22509852647781373,0.0503290593624115,0.07417607605457306,0,0.0,0,0.0,1,1.0,1,1.0,1,1.0,-0.028841355443000795
525,0.15,1,0.13759350776672363,0.0669396162033081,0.3596082925796509,0.143702495098114,0.17405635118484497,0.06747047901153565,0,0.0,0,0.0,1,1.0,1,1.0,1,1.0,0.07065389156341553
512,0.15,1,-0.004599332809448242,0.04295295476913452,0.33997130393981934,0.1602159023284912,0.06352567672729492,0.07364311218261718,0,0.0,0,0.0,1,1.0,1,1.0,1,1.0,-0.047552287578582764
720,0.15,1,0.03207568824291229,0.03965233564376831,0.4411427974700928,0.20585862398147584,0.12091457843780518,0.052122652530670166,0,0.0,0,0.0,1,1.0,1,1.0,1,1.0,-0.007576647400856021
437,0.15,1,0.21461157500743866,0.07720248401165009,0.4899376630783081,0.20165538787841797,0.20753896236419678,0.08102988600730895,0,0.0,0,0.0,1,1.0,1,1.0,1,1.0,0.13740909099578857
258,0.15,1,0.029843181371688843,0.03368082642555237,0.3663526177406311,0.21525100469589234,0.06278204917907715,0.02720373272895813,2,1.0,1,0.8,0,0.2,1,1.0,1,1.0,-0.0038376450538635254
249,0.15,1,0.01024523377418518,-0.015743499994277953,0.41658997535705566,0.16346460580825806,0.17578759789466858,0.07745875120162964,0,0.2,0,0.2,1,0.8,1,1.0,1,1.0,0.025988733768463133
476,0.15,1,-0.035181641578674316,-0.010917818546295166,0.39943182468414307,0.14338186979293824,0.10532307624816895,0.04123939871788025,0,0.0,0,0.0,1,1.0,1,1.0,1,1.0,-0.024263823032379152
18,0.15,1,0.05684173107147217,0.02118954062461853,0.31919634342193604,0.1377135157585144,0.051841020584106445,0.04742242097854614,0,0.0,0,0.0,1,1.0,1,1.0,1,1.0,0.03565219044685364
358,0.15,1,0.13732033967971802,0.06512393057346344,0.3042585849761963,0.1820611000061035,0.15670502185821533,0.06783378720283509,0,0.0,0,0.0,1,1.0,1,1.0,1,1.0,0.07219640910625458
670,0.15,1,0.13103914260864258,0.02955699563026428,0.47747117280960083,0.2319901704788208,0.21997946500778198,0.10311957597732543,2,0.0,1,0.0,0,1.0,1,1.0,1,1.0,0.10148214697837829
210,0.15,1,0.15857815742492676,0.08648662865161896,0.5283870100975037,0.30374507904052733,0.304350882768631,0.16985164880752562,0,0.0,0,0.0,1,1.0,1,1.0,1,1.0,0.0720915287733078
549,0.15,1,0.16180826723575592,0.037569713592529294,0.48156094551086426,0.15789988040924072,0.19232970476150513,0.0589335560798645,0,0.0,0,0.0,1,1.0,1,1.0,1,1.0,0.12423855364322663
511,0.15,1,0.0804976224899292,-0.0028016984462738035,0.5097217559814453,0.21272801160812377,0.25641822814941406,0.1030827820301056,0,0.0,0,0.0,1,1.0,1,1.0,1,1.0,0.083299320936203
473,0.15,1,0.21805107593536377,0.059713196754455564,0.5261467695236206,0.20593999624252318,0.2676115334033966,0.08104847669601441,0,0.0,0,0.0,1,1.0,1,1.0,1,1.0,0.1583378791809082
608,0.15,1,0.19541499018669128,0.06421346068382264,0.41643333435058594,0.21571240425109864,0.2362404465675354,0.10377914309501649,0,0.0,0,0.0,1,1.0,1,1.0,1,1.0,0.13120152950286865
409,0.15,1,0.10931184887886047,0.035777229070663455,0.40746986865997314,0.09239404201507569,0.10643705725669861,0.030342692136764528,0,0.0,0,0.0,1,1.0,1,1.0,1,1.0,0.07353461980819702
429,0.15,1,0.1157287061214447,0.06691338419914246,0.4230642318725586,0.2605785369873047,0.138240784406662,0.08797955513000488,0,0.0,0,0.0,1,1.0,1,1.0,1,1.0,0.04881532192230224
550,0.15,1,0.21629071235656738,0.07586661279201508,0.4891871213912964,0.1904314160346985,0.23901546001434326,0.0902735710144043,0,0.0,0,0.0,1,1.0,1,1.0,1,1.0,0.14042409956455232
275,0.15,1,0.12002947926521301,0.04485539197921753,0.442563533782959,0.18196656703948974,0.17859378457069397,0.05225725769996643,0,0.0,0,0.0,1,1.0,1,1.0,1,1.0,0.07517408728599548
613,0.15,1,0.07834374904632568,0.06049662232398987,0.3864138126373291,0.26280066967010496,0.10635063052177429,0.0971604824066162,1,2.4,1,0.6,0,0.4,1,0.8,1,1.0,0.017847126722335814
509,0.15,3,-0.05666083097457886,-0.01992080807685852,0.4234631061553955,0.21199897527694703,0.09536516666412354,0.04532536268234253,-2,-1.6,0,0.0,1,0.6,1,1.0,1,1.0,-0.03674002289772034
37,0.15,1,0.12109896540641785,0.043858876824378966,0.32806897163391113,0.1574025869369507,0.1027633547782898,0.06514904499053956,0,0.0,0,0.0,1,1.0,1,1.0,1,1.0,0.07724008858203887
514,0.15,1,0.03154626488685608,0.030757594108581542,0.2751808166503906,0.0923803210258484,0.05234968662261963,0.02451385259628296,0,0.0,0,0.0,1,1.0,1,1.0,1,1.0,0.0007886707782745368
268,0.15,1,0.023458093404769897,0.011303621530532836,0.3759627938270569,0.19785979986190796,0.09756994247436523,0.03999699950218201,1,0.6,1,0.4,0,0.6,1,1.0,1,1.0,0.012154471874237061
198,0.15,1,0.1290220320224762,0.06278040409088134,0.4541710615158081,0.2445163130760193,0.20216408371925354,0.1259998381137848,0,0.0,0,0.0,1,1.0,1,1.0,1,1.0,0.06624162793159485
207,0.15,1,0.05046001076698303,-0.0007391214370727539,0.37269818782806396,0.06361942291259766,0.16333270072937012,0.0248046875,0,0.0,0,0.0,1,1.0,1,1.0,1,1.0,0.05119913220405579
454,0.15,1,0.04680436849594116,0.013635295629501342,0.2865176796913147,0.18609143495559693,0.06395834684371948,0.048065286874771115,0,0.0,0,0.0,1,1.0,1,1.0,1,1.0,0.03316907286643982
502,0.15,1,0.09439381957054138,0.03554940223693848,0.41528868675231934,0.19697215557098388,0.1596314013004303,0.07053428888320923,0,0.0,0,0.0,1,1.0,1,1.0,1,1.0,0.058844417333602905
497,0.15,1,0.12328508496284485,0.05964846909046173,0.3830310106277466,0.2838762879371643,0.1464841663837433,0.07589389681816101,0,0.0,0,0.0,1,1.0,1,1.0,1,1.0,0.06363661587238312
592,0.15,1,0.06450852751731873,0.017783927917480468,0.401106059551239,0.23139946460723876,0.16817164421081543,0.10966070294380188,1,0.4,1,0.4,0,0.6,1,1.0,1,1.0,0.046724599599838254
105,0.15,1,0.05336257815361023,0.023044770956039427,0.5295944213867188,0.20663037300109863,0.2243245244026184,0.07614770531654358,0,0.0,0,0.0,1,1.0,1,1.0,1,1.0,0.030317807197570802
119,0.15,1,0.11791831254959106,0.06095455884933472,0.42078977823257446,0.2214740753173828,0.13399890065193176,0.0742031991481781,0,0.0,0,0.0,1,1.0,1,1.0,1,1.0,0.056963753700256345
633,0.15,1,0.3013373613357544,0.0781995952129364,0.4700760245323181,0.15525509119033815,0.3209240734577179,0.07913072109222412,0,0.0,0,0.0,1,1.0,1,1.0,1,1.0,0.223137766122818
266,0.15,1,0.07786232233047485,0.046358877420425416,0.4929744601249695,0.253892183303833,0.21643736958503723,0.09859919548034668,0,0.0,0,0.0,1,1.0,1,1.0,1,1.0,0.03150344491004944
674,0.15,1,0.19559448957443237,0.1089302659034729,0.4234139919281006,0.3029621601104736,0.19623517990112305,0.1461944878101349,0,0.0,0,0.0,1,1.0,1,1.0,1,1.0,0.08666422367095947
394,0.15,1,0.07526472210884094,0.052931678295135495,0.39831531047821045,0.22315921783447265,0.1641228199005127,0.1006932258605957,0,0.0,0,0.0,1,1.0,1,1.0,1,1.0,0.022333043813705447
616,0.15,1,0.06070214509963989,0.05251012742519379,0.4241074323654175,0.24094244241714477,0.11271703243255615,0.07747690677642823,0,0.0,0,0.0,1,1.0,1,1.0,1,1.0,0.008192017674446106
112,0.15,1,0.04166442155838013,0.03616619408130646,0.439161479473114,0.2613814353942871,0.15834647417068481,0.11973645091056824,0,0.0,0,0.0,1,1.0,1,1.0,1,1.0,0.005498227477073667
397,0.15,1,0.025679022073745728,0.02875523567199707,0.45182931423187256,0.15150582790374756,0.13985443115234375,0.058355939388275144,0,0.0,0,0.0,1,1.0,1,1.0,1,1.0,-0.003076213598251342
464,0.15,1,0.2094237059354782,0.05539807379245758,0.5490701198577881,0.20016099214553834,0.21669495105743408,0.053011083602905275,0,0.0,0,0.0,1,1.0,1,1.0,1,1.0,0.15402563214302062
693,0.15,1,0.06558391451835632,0.040469241142272946,0.4477142095565796,0.28278704881668093,0.18751350045204163,0.10718127489089965,4,1.0,1,0.8,0,0.2,1,1.0,1,1.0,0.025114673376083377
349,0.15,1,0.11298331618309021,0.06005991697311401,0.5473849177360535,0.2686208486557007,0.3046952188014984,0.15894136428833008,0,0.0,0,0.0,1,1.0,1,1.0,1,1.0,0.0529233992099762
487,0.15,1,0.19754090905189514,0.08392640352249145,0.48460912704467773,0.26112903356552125,0.22940874099731445,0.10261671543121338,0,0.0,0,0.0,1,1.0,1,1.0,1,1.0,0.11361450552940369
733,0.15,1,0.037708163261413574,0.03158438205718994,0.320453405380249,0.15171530246734619,0.08654966950416565,0.05386065244674683,0,0.0,0,0.0,1,1.0,1,1.0,1,1.0,0.006123781204223633
471,0.15,20,0.023548319935798645,0.013914558291435241,0.4454665780067444,0.2848550796508789,0.045429691672325134,0.018586751818656922,71,24.0,0,0.0,0,0.0,0,0.0,0,0.0,0.009633761644363404
687,0.15,1,0.14623069763183594,0.05247494578361511,0.49475687742233276,0.2652027249336243,0.2893114984035492,0.16695367097854613,0,0.0,0,0.0,1,1.0,1,1.0,1,1.0,0.09375575184822083
253,0.15,1,0.082232266664505,0.043209129571914674,0.3773094415664673,0.2347741484642029,0.18080765008926392,0.12206184267997741,0,0.0,0,0.0,1,1.0,1,1.0,1,1.0,0.03902313709259033
333,0.15,1,0.04269087314605713,0.047653526067733765,0.4167035222053528,0.17348201274871827,0.14657506346702576,0.047495830059051516,0,0.0,0,0.0,1,1.0,1,1.0,1,1.0,-0.004962652921676636
34,0.15,67,0.00978820025920868,-0.020605887472629546,0.46712470054626465,0.24453210830688477,0.039014726877212524,0.00576888769865036,111,48.4,0,0.0,0,0.0,0,0.2,0,0.2,0.030394087731838226
290,0.15,1,-0.007624924182891846,0.0020771145820617674,0.37041592597961426,0.24137120246887206,0.08009585738182068,0.05437598824501037,0,0.6,0,0.2,1,0.8,1,1.0,1,1.0,-0.009702038764953614
110,0.15,1,-0.014314413070678711,0.015076184272766113,0.20186305046081543,0.1388924241065979,0.07737916707992554,0.0746966004371643,0,0.0,0,0.0,1,1.0,1,1.0,1,1.0,-0.029390597343444826
301,0.15,1,0.058399975299835205,0.01784641146659851,0.3571017384529114,0.1569187045097351,0.10081556439399719,0.04338136315345764,0,0.0,0,0.0,1,1.0,1,1.0,1,1.0,0.040553563833236696
489,0.15,1,0.24713599681854248,0.09775124788284302,0.43372422456741333,0.23847161531448363,0.28704169392585754,0.1159592866897583,0,0.0,0,0.0,1,1.0,1,1.0,1,1.0,0.14938474893569947
154,0.15,1,0.02459612488746643,0.03527604341506958,0.3717655539512634,0.26789470911026003,0.06662330031394958,0.07385239899158477,0,0.0,0,0.0,1,1.0,1,1.0,1,1.0,-0.010679918527603152
481,0.15,1,0.05122378468513489,0.021692246198654175,0.28649765253067017,0.15545817613601684,0.10562565922737122,0.04836634993553161,0,0.0,0,0.0,1,1.0,1,1.0,1,1.0,0.029531538486480713
602,0.15,9,0.0986950546503067,0.028301237523555754,0.3435380458831787,0.18227503299713135,0.07766610383987427,0.03017680048942566,562,101.4,0,0.0,0,0.0,0,0.0,0,0.2,0.07039381712675094
48,0.15,1,0.1229015588760376,0.10989117324352264,0.32605957984924316,0.24128334522247313,0.13592317700386047,0.10998389720916749,0,0.0,0,0.0,1,1.0,1,1.0,1,1.0,0.013010385632514956
192,0.15,1,0.020959794521331787,0.015252149105072022,0.3992021679878235,0.24849518537521362,0.01519826054573059,0.025819876790046693,2,4.4,1,0.8,0,0.2,1,0.6,1,0.8,0.005707645416259765
576,0.15,1,0.016475915908813477,0.013999533653259278,0.3742043972015381,0.250856876373291,0.11558061838150024,0.07598766088485717,0,0.0,0,0.0,1,1.0,1,1.0,1,1.0,0.0024763822555541985
350,0.15,1,0.15073545277118683,0.02637358903884888,0.5673360228538513,0.22927603721618653,0.3340960144996643,0.10015963315963745,0,0.0,0,0.0,1,1.0,1,1.0,1,1.0,0.12436186373233796
527,0.15,1,0.06256884336471558,0.0023570537567138674,0.3933655023574829,0.17271664142608642,0.08632588386535645,0.038232225179672244,0,0.0,0,0.0,1,1.0,1,1.0,1,1.0,0.060211789608001706
152,0.15,1,0.023710668087005615,0.03409782648086548,0.4721609354019165,0.1662507176399231,0.16756367683410645,0.06427388191223145,0,0.0,0,0.0,1,1.0,1,1.0,1,1.0,-0.010387158393859862
66,0.15,3,-0.04872739315032959,-0.009340429306030273,0.33880555629730225,0.13892799615859985,0.03651866316795349,0.021360129117965698,-2,-0.4,0,0.0,1,0.2,1,1.0,1,1.0,-0.039386963844299315
355,0.15,1,0.04402780532836914,0.029908180236816406,0.5027035474777222,0.2549522876739502,0.2378869354724884,0.09302918910980225,0,0.0,0,0.0,1,1.0,1,1.0,1,1.0,0.014119625091552734
589,0.15,1,0.15367305278778076,0.06481258273124695,0.5046025514602661,0.27689887285232545,0.18456298112869263,0.08254771232604981,0,0.0,0,0.0,1,1.0,1,1.0,1,1.0,0.08886047005653382
241,0.15,18,-0.013258293271064758,-0.027131932973861694,0.3589157462120056,0.21844220161437988,0.07716856896877289,0.010655313730239868,15,-5.2,0,0.0,0,0.2,0,0.4,0,0.4,0.013873639702796935
234,0.15,1,0.06615358591079712,0.05891240835189819,0.5337451100349426,0.28738702535629274,0.13590148091316223,0.09243307709693908,0,0.0,0,0.0,1,1.0,1,1.0,1,1.0,0.0072411775588989286
542,0.15,1,0.13747483491897583,-0.015539255738258363,0.4915640950202942,0.14078370332717896,0.1429193615913391,-0.0009258627891540527,1,0.0,1,0.0,0,1.0,1,1.0,1,1.0,0.1530140906572342
22,0.15,1,0.1121608316898346,0.08727760016918182,0.46449702978134155,0.3294426918029785,0.20484450459480286,0.15118224620819093,0,0.0,0,0.0,1,1.0,1,1.0,1,1.0,0.024883231520652777
474,0.15,1,0.1891864389181137,0.08086540400981904,0.4203760027885437,0.22625926733016968,0.2631567120552063,0.1333203136920929,0,0.0,0,0.0,1,1.0,1,1.0,1,1.0,0.10832103490829467
658,0.15,1,0.15010634064674377,0.03556068539619446,0.38397616147994995,0.15161590576171874,0.20949649810791016,0.06040681004524231,0,0.0,0,0.0,1,1.0,1,1.0,1,1.0,0.11454565525054931
313,0.15,1,0.04643261432647705,0.01848623752593994,0.3568546772003174,0.09700779914855957,0.08883035182952881,0.02548235058784485,0,0.0,0,0.0,1,1.0,1,1.0,1,1.0,0.02794637680053711
341,0.15,1,0.0862092673778534,0.023740261793136597,0.2742617130279541,0.0798560619354248,0.07120537757873535,0.025601124763488768,0,0.0,0,0.0,1,1.0,1,1.0,1,1.0,0.0624690055847168
411,0.15,1,-0.009581759572029114,0.018660661578178406,0.37557315826416016,0.21205382347106932,0.07118317484855652,0.04089435338973999,0,1.4,0,0.6,1,0.4,1,1.0,1,1.0,-0.02824242115020752
237,0.15,13088,0.01625719666481018,0.01024390161037445,0.37657296657562256,0.26397726535797117,0.013528447365388274,0.008588743442669512,3100,2269.8,0,0.0,0,0.0,0,0.0,0,0.0,0.00601329505443573
620,0.15,1,0.08879923820495605,0.018642744421958922,0.4451882839202881,0.05759720802307129,0.12178531289100647,0.015087413787841796,0,0.0,0,0.0,1,1.0,1,1.0,1,1.0,0.07015649378299713
346,0.15,1,0.08725130558013916,0.06405782699584961,0.3173278570175171,0.21948319673538208,0.118014395236969,0.08699884414672851,0,0.0,0,0.0,1,1.0,1,1.0,1,1.0,0.02319347858428955
339,0.15,8,-0.010071933269500732,-0.0023449376225471497,0.2924954891204834,0.10627512931823731,-0.006988495588302612,0.006897832453250885,-5,2.6,0,0.0,0,0.0,1,0.2,1,0.6,-0.007726995646953583
536,0.15,1,0.14629971981048584,0.050226461887359616,0.504920482635498,0.3078023076057434,0.22624793648719788,0.04702910780906677,0,0.0,0,0.0,1,1.0,1,1.0,1,1.0,0.09607325792312622
690,0.15,2,-0.030077725648880005,-0.01316644549369812,0.396057665348053,0.26392048597335815,0.06282615661621094,0.060328221321105956,-1,-0.8,0,0.0,1,0.8,1,1.0,1,1.0,-0.016911280155181885
556,0.15,1,0.21205300092697144,0.10352981686592103,0.47902530431747437,0.27990193367004396,0.23639598488807678,0.12472496032714844,1,0.2,1,0.2,0,0.8,1,1.0,1,1.0,0.10852318406105041
586,0.15,1,0.23199248313903809,0.0659628689289093,0.36317843198776245,0.09315609931945801,0.2633839249610901,0.06387373208999633,0,0.0,0,0.0,1,1.0,1,1.0,1,1.0,0.1660296142101288
491,0.15,1,0.08946582674980164,0.02944379150867462,0.35769790410995483,0.1586732268333435,0.12934842705726624,0.04807615578174591,0,0.0,0,0.0,1,1.0,1,1.0,1,1.0,0.060022035241127016
713,0.15,1,0.11358693242073059,0.04151214063167572,0.4396982192993164,0.24715259075164794,0.21485894918441772,0.1002339780330658,0,0.0,0,0.0,1,1.0,1,1.0,1,1.0,0.07207479178905488
587,0.15,1,0.0510232150554657,0.04717854261398315,0.38132500648498535,0.23957325220108033,0.09396201372146606,0.050497353076934814,0,0.0,0,0.0,1,1.0,1,1.0,1,1.0,0.0038446724414825453
337,0.15,1,0.024023324251174927,0.018413829803466796,0.42207032442092896,0.1425799012184143,0.2133881151676178,0.06099033951759338,0,0.0,0,0.0,1,1.0,1,1.0,1,1.0,0.005609494447708131
213,0.15,1,0.0914933979511261,0.053212296962738034,0.45945799350738525,0.2521262288093567,0.2991504371166229,0.1437329113483429,0,0.0,0,0.0,1,1.0,1,1.0,1,1.0,0.038281100988388064
447,0.15,1,-0.08460953831672668,-0.028435587882995605,0.37964415550231934,0.20633304119110107,0.04076510667800903,-0.0004723131656646729,0,0.0,0,0.0,1,1.0,1,1.0,1,1.0,-0.05617395043373108
173,0.15,1,0.0257282555103302,0.005438068509101867,0.3268822431564331,0.16246488094329833,0.06850360333919525,0.02436155080795288,0,0.0,0,0.0,1,1.0,1,1.0,1,1.0,0.02029018700122833
189,0.15,1,0.06034737825393677,0.015225821733474731,0.43435442447662354,0.12362134456634521,0.16455957293510437,0.044187909364700316,0,0.0,0,0.0,1,1.0,1,1.0,1,1.0,0.045121556520462035
500,0.15,1,0.008695453405380249,0.0019242584705352784,0.38311195373535156,0.24092304706573486,0.10034728050231934,0.06942809224128724,0,0.2,0,0.2,1,0.8,1,1.0,1,1.0,0.006771194934844971
305,0.15,1,0.03767584264278412,-0.010056132078170776,0.5546002984046936,0.2532119870185852,0.15350359678268433,0.03023669123649597,0,0.0,0,0.0,1,1.0,1,1.0,1,1.0,0.047731974720954896
104,0.15,1,0.025784343481063843,0.022885578870773315,0.366341233253479,0.18165929317474366,0.08785215020179749,0.06356480717658997,0,0.0,0,0.0,1,1.0,1,1.0,1,1.0,0.002898764610290528
357,0.15,1,0.18321186304092407,0.04107041954994202,0.45978325605392456,0.26949135065078733,0.1670917570590973,0.06132909059524536,0,0.0,0,0.0,1,1.0,1,1.0,1,1.0,0.14214144349098207
606,0.15,1,0.08678479492664337,0.015563866496086121,0.5280337333679199,0.2470122456550598,0.1867605745792389,0.09496340155601501,0,0.0,0,0.0,1,1.0,1,1.0,1,1.0,0.07122092843055725
424,0.15,1,0.10396966338157654,0.04331991970539093,0.36990559101104736,0.22835665941238403,0.06000684201717377,0.019693261384963988,1,0.2,1,0.2,0,0.8,1,1.0,1,1.0,0.060649743676185607
142,0.15,1,0.13893616199493408,0.02044605016708374,0.4331657886505127,0.10066006183624268,0.2693350911140442,0.04979586601257324,0,0.0,0,0.0,1,1.0,1,1.0,1,1.0,0.11849011182785034
519,0.15,3,-0.004616141319274902,-0.04227661490440369,0.42791467905044556,0.20361647605895997,0.08735507726669312,0.013124233484268189,-1,-2.0,0,0.0,0,1.0,1,1.0,1,1.0,0.037660473585128786
654,0.15,1,0.0268448144197464,0.0193891704082489,0.36947667598724365,0.15580356121063232,0.002428770065307617,0.011199349164962768,0,0.0,0,0.0,1,1.0,1,1.0,1,1.0,0.007455644011497498
302,0.15,1,0.04063284397125244,0.002067255973815918,0.3629477620124817,0.15030410289764404,0.20336556434631348,0.09622321128845215,0,0.0,0,0.0,1,1.0,1,1.0,1,1.0,0.03856558799743652
561,0.15,12,-0.10895147919654846,-0.06672355532646179,0.30426734685897827,0.14788572788238524,0.03659459948539734,0.00958694815635681,-5,-3.0,0,0.0,0,0.0,0,0.0,1,1.0,-0.04222792387008667
336,0.15,2,-0.00806225836277008,-0.006844234466552734,0.4867990016937256,0.21335971355438232,0.11713571846485138,0.03837600350379944,0,0.2,0,0.0,0,0.0,1,1.0,1,1.0,-0.0012180238962173464
574,0.15,1,0.06052778661251068,0.05644077956676483,0.5659515857696533,0.3404487490653992,0.1447022259235382,0.1063802033662796,0,0.0,0,0.0,1,1.0,1,1.0,1,1.0,0.004087007045745848
516,0.15,1,0.1016797125339508,0.020058947801589965,0.4371725916862488,0.13844611644744872,0.16325750946998596,0.036061859130859374,0,0.0,0,0.0,1,1.0,1,1.0,1,1.0,0.08162076473236084
150,0.15,1,0.037699803709983826,0.006752431392669678,0.42298805713653564,0.21135411262512208,0.10195125639438629,0.03950968384742737,0,0.8,0,0.2,1,0.8,1,1.0,1,1.0,0.030947372317314148
709,0.15,1,0.19769522547721863,0.029367226362228393,0.48177826404571533,0.0825149416923523,0.2829938530921936,0.02793363332748413,0,0.0,0,0.0,1,1.0,1,1.0,1,1.0,0.16832799911499025
21,0.15,1,0.103557288646698,0.04256289601325989,0.3720076084136963,0.17073705196380615,0.13589227199554443,0.053051304817199704,0,0.0,0,0.0,1,1.0,1,1.0,1,1.0,0.06099439263343811
61,0.15,1,0.024134576320648193,-0.00031734108924865725,0.48058557510375977,0.21449737548828124,0.3360065817832947,0.12332684397697449,0,0.0,0,0.0,1,1.0,1,1.0,1,1.0,0.02445191740989685
143,0.15,1,-0.02331492304801941,0.014718425273895264,0.28200268745422363,0.2491005539894104,0.135858416557312,0.11758513450622558,0,0.0,0,0.0,1,1.0,1,1.0,1,1.0,-0.03803334832191467
545,0.15,1,0.11240768432617188,0.05542018413543701,0.3444950580596924,0.19433236122131348,0.17615535855293274,0.10568066239356995,1,0.6,1,0.6,0,0.4,1,1.0,1,1.0,0.05698750019073486
420,0.15,1,0.06214088201522827,0.03138580322265625,0.46979862451553345,0.27000287771224973,0.22632098197937012,0.11277081966400146,0,0.0,0,0.0,1,1.0,1,1.0,1,1.0,0.03075507879257202
191,0.15,1,0.006201446056365967,-0.008156490325927735,0.37944501638412476,0.3122798681259155,0.0895848274230957,0.07376431822776794,0,0.0,0,0.0,1,1.0,1,1.0,1,1.0,0.014357936382293702
363,0.15,30,0.003542795777320862,0.012870275974273681,0.3757750988006592,0.21815388202667235,0.035114631056785583,0.035440093278884886,9,20.0,0,0.0,0,0.0,0,0.0,0,0.0,-0.00932748019695282
595,0.15,1,0.11234596371650696,0.03314631879329681,0.4623812437057495,0.3352333664894104,0.14732877910137177,0.07314117550849915,0,0.0,0,0.0,1,1.0,1,1.0,1,1.0,0.07919964492321015
458,0.15,1,-0.027780503034591675,0.0029966652393341063,0.5110577940940857,0.20270211696624757,0.3044460415840149,0.12004798054695129,0,0.0,0,0.0,1,1.0,1,1.0,1,1.0,-0.030777168273925782
30,0.15,1,0.029854238033294678,0.04947575032711029,0.43896806240081787,0.18350346088409425,0.08042731881141663,0.03891867101192474,2,8.2,1,0.8,0,0.2,1,0.4,1,0.6,-0.01962151229381561
640,0.15,2,0.06485901772975922,0.023956507444381714,0.31981492042541504,0.11357488632202148,0.12344963848590851,0.03975773453712463,5,1.4,0,0.0,0,0.0,0,1.0,1,1.0,0.0409025102853775
240,0.15,1,-0.00086212158203125,0.01160174012184143,0.3767854571342468,0.19926636219024657,0.18054956197738647,0.058006149530410764,0,0.2,0,0.2,1,0.8,1,1.0,1,1.0,-0.01246386170387268
345,0.15,1,0.02434241771697998,0.04331840872764588,0.5810589790344238,0.29796382188797,0.05221837759017944,0.054097479581832884,0,0.0,0,0.0,1,1.0,1,1.0,1,1.0,-0.018975991010665896
185,0.15,1,0.07822853326797485,0.02827823758125305,0.3762277364730835,0.19531792402267456,0.23830512166023254,0.12186370491981506,1,0.2,1,0.2,0,0.8,1,1.0,1,1.0,0.0499502956867218
626,0.15,1,0.0422244668006897,0.016305315494537353,0.48253190517425537,0.3845741868019104,0.1304425597190857,0.09522099494934082,1,0.4,1,0.4,0,0.6,1,1.0,1,1.0,0.025919151306152344
282,0.15,1,0.25290630757808685,0.15298184454441072,0.6979361772537231,0.5189899325370788,0.3050163835287094,0.2392977148294449,8,2.8,1,0.8,0,0.2,0,0.6,1,1.0,0.09992446303367614
125,0.15,2742,-0.04345053434371948,-0.025761911273002626,0.3747861385345459,0.22332284450531006,0.00028774142265319824,0.007425668835639954,-998,228.2,0,0.0,0,0.0,0,0.0,0,0.0,-0.017688623070716857
498,0.15,1,0.08805152773857117,0.01180814504623413,0.5218708515167236,0.1641993284225464,0.2609625458717346,0.06561540961265563,0,0.0,0,0.0,1,1.0,1,1.0,1,1.0,0.07624338269233703
263,0.15,1,0.07057195901870728,0.038750755786895755,0.4022709131240845,0.1847749710083008,0.12741726636886597,0.05129423141479492,0,0.0,0,0.0,1,1.0,1,1.0,1,1.0,0.03182120323181152
451,0.15,1,0.10058258473873138,0.032649058103561404,0.22820603847503662,0.12764172554016112,0.08276349306106567,0.029276168346405028,0,0.0,0,0.0,1,1.0,1,1.0,1,1.0,0.06793352663516998
627,0.15,1,-0.006998956203460693,-0.003476208448410034,0.3053898215293884,0.23432354927062987,0.015012204647064209,0.012638497352600097,0,0.0,0,0.0,1,1.0,1,1.0,1,1.0,-0.0035227477550506593
496,0.15,1,0.033238500356674194,0.03712609708309174,0.2791595458984375,0.22320104837417604,0.0871175229549408,0.05350373983383179,0,0.0,0,0.0,1,1.0,1,1.0,1,1.0,-0.0038875967264175443
518,0.15,1,0.15118417143821716,0.12804812788963318,0.43285125494003296,0.3221903800964355,0.25640684366226196,0.18670524954795836,0,0.0,0,0.0,1,1.0,1,1.0,1,1.0,0.02313604354858398
364,0.15,1,0.044940024614334106,0.026139193773269655,0.1759842038154602,0.09832221269607544,0.11490017175674438,0.07790124416351318,0,0.0,0,0.0,1,1.0,1,1.0,1,1.0,0.018800830841064452
342,0.15,1,0.13741852343082428,0.01312377154827118,0.42021381855010986,0.19238613843917846,0.2273273915052414,0.06899051666259766,0,0.0,0,0.0,1,1.0,1,1.0,1,1.0,0.1242947518825531
138,0.15,1,-0.07331323623657227,-0.0479175865650177,0.5183210968971252,0.35873775482177733,0.1406497061252594,0.08931512236595154,0,0.0,0,0.0,1,1.0,1,1.0,1,1.0,-0.025395649671554568
127,0.15,1,0.16964800655841827,0.1343476206064224,0.38607388734817505,0.33860973119735716,0.22652721405029297,0.20962762236595153,0,0.0,0,0.0,1,1.0,1,1.0,1,1.0,0.03530038595199586
407,0.15,1,0.08153451979160309,0.03179595768451691,0.5496482253074646,0.2847817063331604,0.13176116347312927,0.060987555980682374,0,0.0,0,0.0,1,1.0,1,1.0,1,1.0,0.04973856210708618
459,0.15,1,0.15415942668914795,0.037770253419876096,0.38621997833251953,0.12977601289749147,0.1943085789680481,0.04837554693222046,0,0.0,0,0.0,1,1.0,1,1.0,1,1.0,0.11638917326927185
702,0.15,1,0.13484978675842285,0.017568939924240114,0.4184340834617615,0.09043011665344239,0.27908962965011597,0.04008243083953857,0,0.0,0,0.0,1,1.0,1,1.0,1,1.0,0.11728084683418274
102,0.15,1,0.023132890462875366,-0.0020984530448913572,0.3772379159927368,0.20117297172546386,0.18266355991363525,0.09352782964706421,0,0.0,0,0.0,1,1.0,1,1.0,1,1.0,0.025231343507766724
216,0.15,1,0.06051179766654968,0.016593807935714723,0.34943312406539917,0.1650586485862732,0.10829132795333862,0.05214316248893738,0,0.0,0,0.0,1,1.0,1,1.0,1,1.0,0.04391798973083496
601,0.15,1,-0.011454373598098755,0.025640201568603516,0.4075210690498352,0.23230350017547607,0.06843122839927673,0.08241166472434998,0,0.0,0,0.0,1,1.0,1,1.0,1,1.0,-0.03709457516670227
114,0.15,1,0.1639392375946045,0.07479022145271301,0.5289532542228699,0.2381901264190674,0.2077653855085373,0.09879156649112701,0,0.0,0,0.0,1,1.0,1,1.0,1,1.0,0.08914901614189148
283,0.15,1,0.030864179134368896,0.01169130802154541,0.5795984268188477,0.1387690305709839,0.24698111414909363,0.07221101522445679,0,0.0,0,0.0,1,1.0,1,1.0,1,1.0,0.019172871112823488
51,0.15,1,0.02265813946723938,0.015255504846572876,0.34369707107543945,0.2719856858253479,0.1246475875377655,0.07488651275634765,1,0.8,1,0.8,0,0.2,1,1.0,1,1.0,0.007402634620666504
537,0.15,1,0.28101295232772827,0.13179206550121308,0.529759407043457,0.21249316930770873,0.3280414342880249,0.14107270836830138,0,0.0,0,0.0,1,1.0,1,1.0,1,1.0,0.1492208868265152
599,0.15,1,0.1022619903087616,0.036639297008514406,0.329231858253479,0.25636414289474485,0.14391273260116577,0.08945000171661377,0,0.0,0,0.0,1,1.0,1,1.0,1,1.0,0.0656226933002472
650,0.15,1,-0.01253896951675415,-0.018728744983673096,0.4049215316772461,0.2758536696434021,0.09816509485244751,0.050783675909042356,0,0.0,0,0.0,1,1.0,1,1.0,1,1.0,0.006189775466918946
535,0.15,1,0.08683177828788757,0.05528019070625305,0.2980497479438782,0.1622835874557495,0.16183269023895264,0.0796460509300232,0,0.0,0,0.0,1,1.0,1,1.0,1,1.0,0.031551587581634524
480,0.15,1,0.09777992963790894,0.014147168397903443,0.45079338550567627,0.14925113916397095,0.17242148518562317,0.03460376262664795,7,0.0,1,0.0,0,1.0,0,1.0,1,1.0,0.08363276124000549
722,0.15,1,0.016524165868759155,0.008937019109725951,0.4555487632751465,0.23429040908813475,0.12748217582702637,0.057697737216949464,0,0.0,0,0.0,1,1.0,1,1.0,1,1.0,0.007587146759033204
389,0.15,1,0.1647670567035675,0.09564877152442933,0.44954872131347656,0.3239989161491394,0.26866376399993896,0.19480153918266296,0,0.0,0,0.0,1,1.0,1,1.0,1,1.0,0.06911828517913818
436,0.15,1,0.1789732426404953,0.09037942290306092,0.44455277919769287,0.24136643409729003,0.19368799030780792,0.08716316223144531,120,4.2,1,0.8,0,0.2,0,0.6,0,0.8,0.08859381973743438
100,0.15,1,0.07417237758636475,0.03730951547622681,0.49290931224823,0.19081584215164185,0.189690500497818,0.06711372137069702,0,0.0,0,0.0,1,1.0,1,1.0,1,1.0,0.03686286211013794
264,0.15,1,-0.04257780313491821,-0.02358144521713257,0.37330323457717896,0.2471163034439087,0.1257050633430481,0.10026484131813049,0,0.0,0,0.0,1,1.0,1,1.0,1,1.0,-0.018996357917785645
472,0.15,1,0.10240817070007324,0.08195038139820099,0.49786537885665894,0.29943079948425294,0.1457432061433792,0.07887243032455445,3,0.0,1,0.0,0,1.0,1,1.0,1,1.0,0.020457789301872253
287,0.15,3,-0.0181276798248291,-0.014720231294631958,0.3841039538383484,0.2823955059051514,-0.013101369142532349,0.028200525045394897,-1,0.2,0,0.0,0,0.0,1,1.0,1,1.0,-0.0034074485301971436
678,0.15,1,0.09980237483978271,0.013604658842086791,0.47280895709991455,0.20986887216567993,0.3069089651107788,0.10155048370361328,1,0.0,1,0.0,0,1.0,1,1.0,1,1.0,0.08619771599769592
156,0.15,1,0.07048848271369934,0.07502577304840088,0.29382437467575073,0.19963583946228028,0.08838319778442383,0.09997090101242065,0,0.0,0,0.0,1,1.0,1,1.0,1,1.0,-0.004537290334701544
638,0.15,1,0.1611250340938568,0.05086252689361572,0.4289814233779907,0.13945747613906861,0.24669724702835083,0.061221754550933837,0,0.0,0,0.0,1,1.0,1,1.0,1,1.0,0.11026250720024108
292,0.15,1,0.07337227463722229,0.042753183841705324,0.30447524785995483,0.16470435857772828,0.09402322769165039,0.05074167251586914,0,0.0,0,0.0,1,1.0,1,1.0,1,1.0,0.030619090795516966
145,0.15,3,-0.0046617984771728516,0.004246717691421509,0.5155335664749146,0.29653518199920653,0.1196117103099823,0.06004607975482941,-1,0.0,0,0.0,0,0.0,1,1.0,1,1.0,-0.00890851616859436
78,0.15,1,0.11966124176979065,0.10287615656852722,0.35004496574401855,0.28798643350601194,0.12491858005523682,0.10733054876327515,0,0.0,0,0.0,1,1.0,1,1.0,1,1.0,0.016785085201263428
294,0.15,2,-0.0017693042755126953,-0.004050737619400025,0.34568917751312256,0.1685599446296692,0.07636097073554993,0.037991386651992795,1,0.4,0,0.0,0,0.2,1,1.0,1,1.0,0.0022814333438873294
386,0.15,1,0.05681583285331726,0.011661434173583984,0.4394187927246094,0.20961308479309082,0.1772344708442688,0.0867604911327362,0,0.0,0,0.0,1,1.0,1,1.0,1,1.0,0.045154398679733275
184,0.15,1,0.05220511555671692,0.05736731290817261,0.26767152547836304,0.2244246244430542,0.07939451932907104,0.08789761066436767,0,0.0,0,0.0,1,1.0,1,1.0,1,1.0,-0.005162197351455691
33,0.15,1,0.021594911813735962,-0.01123450994491577,0.3795779347419739,0.2213144302368164,0.19908124208450317,0.0952946662902832,0,0.0,0,0.0,1,1.0,1,1.0,1,1.0,0.032829421758651736
468,0.15,1,0.07221832871437073,0.021965065598487855,0.21786069869995117,0.11907075643539429,0.0603775829076767,0.024591803550720215,47,2.8,1,0.6,0,0.4,0,0.8,0,0.8,0.05025326311588287
257,0.15,1,-0.0069808512926101685,0.012530454993247985,0.16872632503509521,0.17678669691085816,0.005484193563461304,0.005532115697860718,0,0.0,0,0.0,1,1.0,1,1.0,1,1.0,-0.019511306285858156
415,0.15,1,0.07256345450878143,0.019278109073638916,0.3998391628265381,0.15286993980407715,0.1237436830997467,0.03089674115180969,0,0.0,0,0.0,1,1.0,1,1.0,1,1.0,0.05328534543514252
121,0.15,1,0.014876589179039001,0.013630372285842896,0.44373416900634766,0.1820286512374878,0.18016889691352844,0.059376710653305055,0,0.0,0,0.0,1,1.0,1,1.0,1,1.0,0.0012462168931961053
445,0.15,12,-0.06781274080276489,-0.015912070870399475,0.39782291650772095,0.23724241256713868,0.0410580039024353,0.028926849365234375,-10,-2.6,0,0.0,0,0.0,1,0.4,1,0.4,-0.05190066993236542
195,0.15,1,-0.015355288982391357,0.03222342133522034,0.45345640182495117,0.28572232723236085,0.18064504861831665,0.13535852432250978,0,0.0,0,0.0,1,1.0,1,1.0,1,1.0,-0.0475787103176117
244,0.15,1,0.09610117971897125,0.06230463981628418,0.2949352264404297,0.2136966347694397,0.1322428584098816,0.0861726701259613,0,0.0,0,0.0,1,1.0,1,1.0,1,1.0,0.03379653990268707
453,0.15,1,0.12258610129356384,0.07104665040969849,0.44976192712783813,0.29724688529968263,0.25107619166374207,0.18244709372520446,0,0.0,0,0.0,1,1.0,1,1.0,1,1.0,0.051539450883865356
659,0.15,1,0.07699623703956604,0.009460416436195374,0.391934871673584,0.21194133758544922,0.15544235706329346,0.09501470923423767,0,0.0,0,0.0,1,1.0,1,1.0,1,1.0,0.06753582060337067
265,0.15,1,0.04612031579017639,0.04043868780136108,0.4262518882751465,0.26120108366012573,0.07476422190666199,0.07324952483177186,0,0.0,0,0.0,1,1.0,1,1.0,1,1.0,0.005681627988815309
238,0.15,1,0.13904303312301636,0.07200364470481872,0.39178287982940674,0.22787121534347535,0.10214406251907349,0.07414321303367614,0,0.0,0,0.0,1,1.0,1,1.0,1,1.0,0.06703938841819763
452,0.15,1,0.136246919631958,0.05035436749458313,0.45377975702285767,0.2521597146987915,0.2507908344268799,0.11436008214950562,0,0.0,0,0.0,1,1.0,1,1.0,1,1.0,0.08589255213737487
614,0.15,1,0.05919113755226135,0.013641518354415894,0.4140084981918335,0.16730682849884032,0.1220797598361969,0.01535336971282959,0,0.0,0,0.0,1,1.0,1,1.0,1,1.0,0.04554961919784546
736,0.15,1,0.08087271451950073,0.02168280482292175,0.569477379322052,0.10880197286605835,0.22512611746788025,0.04114314913749695,0,0.0,0,0.0,1,1.0,1,1.0,1,1.0,0.05918990969657898
167,0.15,1,0.04499205946922302,0.018652725219726562,0.4065176248550415,0.10558072328567505,0.14508438110351562,0.040639209747314456,0,0.0,0,0.0,1,1.0,1,1.0,1,1.0,0.02633933424949646
469,0.15,1,0.10146564245223999,0.02149394154548645,0.41322898864746094,0.19598945379257202,0.19126993417739868,0.07185096740722656,0,0.0,0,0.0,1,1.0,1,1.0,1,1.0,0.07997170090675354
530,0.15,1,0.2576908469200134,0.05417872369289398,0.49875789880752563,0.15364700555801392,0.24222636222839355,0.0650065541267395,0,0.0,0,0.0,1,1.0,1,1.0,1,1.0,0.20351212322711945
13,0.15,1,0.2159615457057953,0.020576119422912598,0.38342487812042236,0.17081120014190673,0.2257508635520935,0.06036563515663147,0,0.0,0,0.0,1,1.0,1,1.0,1,1.0,0.1953854262828827
578,0.15,1,0.0812583863735199,0.004414063692092895,0.36456143856048584,0.10589380264282226,0.08868575096130371,-0.00020990371704101562,0,0.0,0,0.0,1,1.0,1,1.0,1,1.0,0.076844322681427
353,0.15,1,0.029723405838012695,0.019746887683868408,0.46751493215560913,0.14334381818771363,0.2060127854347229,0.04882323741912842,0,0.0,0,0.0,1,1.0,1,1.0,1,1.0,0.009976518154144288
128,0.15,1,0.20612165331840515,0.08378942608833313,0.3288609981536865,0.19876910448074342,0.21248066425323486,0.12194011211395264,0,0.0,0,0.0,1,1.0,1,1.0,1,1.0,0.12233222723007202
247,0.15,1,0.029976487159729004,0.013854682445526123,0.4053017497062683,0.1944957494735718,0.22017192840576172,0.08990473747253418,0,0.0,0,0.0,1,1.0,1,1.0,1,1.0,0.01612180471420288
664,0.15,1,0.1426112800836563,0.10009709000587463,0.48559242486953735,0.3111844539642334,0.1280829906463623,0.09628220200538636,0,0.0,0,0.0,1,1.0,1,1.0,1,1.0,0.04251419007778168
183,0.15,1,0.03178849816322327,0.018118125200271607,0.4438565969467163,0.1303973078727722,0.12717145681381226,0.04422124028205872,0,0.0,0,0.0,1,1.0,1,1.0,1,1.0,0.01367037296295166
280,0.15,1,0.10226714611053467,0.09173151850700378,0.3679656982421875,0.2471104383468628,0.11669915914535522,0.10199753642082214,0,0.0,0,0.0,1,1.0,1,1.0,1,1.0,0.010535627603530884
215,0.15,1,0.10506817698478699,0.05916370749473572,0.4787667393684387,0.31520737409591676,0.14973416924476624,0.07429975271224976,0,0.0,0,0.0,1,1.0,1,1.0,1,1.0,0.04590446949005127
639,0.15,1,-0.025884628295898438,-0.011674696207046508,0.4397552013397217,0.13878538608551025,0.2245531678199768,0.05386930704116821,0,0.0,0,0.0,1,1.0,1,1.0,1,1.0,-0.014209932088851929
107,0.15,1,0.0032372772693634033,-0.008253860473632812,0.37546980381011963,0.19145251512527467,0.1586582064628601,0.062251681089401247,0,0.0,0,0.0,1,1.0,1,1.0,1,1.0,0.011491137742996215
299,0.15,1,0.1098034679889679,0.07278577089309693,0.5785907506942749,0.31936047077178953,0.19231921434402466,0.1216161847114563,0,0.0,0,0.0,1,1.0,1,1.0,1,1.0,0.037017697095870966
340,0.15,1,0.03383800387382507,0.014273148775100709,0.35211074352264404,0.13637337684631348,0.127195805311203,0.047810989618301394,0,0.2,0,0.2,1,0.8,1,1.0,1,1.0,0.019564855098724365
236,0.15,1,0.005836755037307739,0.012334823608398438,0.3720027804374695,0.17955549955368041,0.1702803373336792,0.0893254280090332,0,0.0,0,0.0,1,1.0,1,1.0,1,1.0,-0.006498068571090698
218,0.15,1,0.12881377339363098,0.046372133493423465,0.5780248641967773,0.23243457078933716,0.2756924629211426,0.11088818907737732,1,0.6,1,0.4,0,0.6,1,1.0,1,1.0,0.08244163990020752
456,0.15,1,0.050509124994277954,0.023661237955093384,0.5306682586669922,0.3387321949005127,0.27278071641921997,0.16688754558563232,0,0.0,0,0.0,1,1.0,1,1.0,1,1.0,0.02684788703918457
643,0.15,1,0.16183629631996155,0.11402038633823394,0.4081573486328125,0.3027385473251343,0.16391634941101074,0.12673531770706176,0,0.0,0,0.0,1,1.0,1,1.0,1,1.0,0.047815909981727606
182,0.15,1,0.013381242752075195,-0.018873363733291626,0.35556966066360474,0.2794127345085144,0.1926197111606598,0.11441004872322083,0,0.0,0,0.0,1,1.0,1,1.0,1,1.0,0.03225460648536682
157,0.15,2,-0.029206156730651855,-0.007995897531509399,0.40044522285461426,0.16123782396316527,0.14708644151687622,0.04423949718475342,-1,-0.4,0,0.0,1,0.4,1,1.0,1,1.0,-0.021210259199142455
70,0.15,1,0.13315871357917786,0.060554918646812436,0.31841301918029785,0.22566616535186768,0.15362465381622314,0.09948480129241943,0,0.0,0,0.0,1,1.0,1,1.0,1,1.0,0.07260379493236542
444,0.15,1,0.04297131299972534,0.010264766216278077,0.3079991340637207,0.09027287960052491,0.08283054828643799,0.019801402091979982,0,0.0,0,0.0,1,1.0,1,1.0,1,1.0,0.03270654678344727
248,0.15,1,0.07804533839225769,0.03537828922271728,0.513195812702179,0.3942958116531372,0.17639285326004028,0.11525982618331909,0,0.0,0,0.0,1,1.0,1,1.0,1,1.0,0.04266704916954041
146,0.15,1,0.1045343279838562,0.04439226984977722,0.4860929846763611,0.21866257190704347,0.26176851987838745,0.10767894983291626,0,0.0,0,0.0,1,1.0,1,1.0,1,1.0,0.06014205813407898
449,0.15,3,-0.08744063973426819,-0.03656262159347534,0.46306824684143066,0.27820912599563596,0.1022154688835144,0.0667751133441925,0,0.8,0,0.0,0,0.0,1,0.8,1,1.0,-0.05087801814079285
351,0.15,1,0.02494165301322937,-0.007251536846160889,0.411565899848938,0.24536255598068238,0.1867712438106537,0.09339820146560669,0,0.0,0,0.0,1,1.0,1,1.0,1,1.0,0.03219318985939026
383,0.15,1,0.09849119186401367,0.043947148323059085,0.46997392177581787,0.2755073070526123,0.18072402477264404,0.12999284863471985,0,0.0,0,0.0,1,1.0,1,1.0,1,1.0,0.05454404354095459
416,0.15,1,0.0849069356918335,0.0436037540435791,0.40848714113235474,0.2301053524017334,0.19455939531326294,0.11464844942092896,0,0.0,0,0.0,1,1.0,1,1.0,1,1.0,0.041303181648254396
404,0.15,1,0.09752053022384644,0.00974583625793457,0.40930259227752686,0.2147968292236328,0.16587194800376892,0.058720636367797854,1,0.0,1,0.0,0,1.0,1,1.0,1,1.0,0.08777469396591187
510,0.15,4,0.06492871046066284,0.028684312105178834,0.5249274969100952,0.3597228765487671,0.21904686093330383,0.12067426443099975,46,16.6,0,0.0,0,0.0,0,0.0,0,0.4,0.03624439835548401
122,0.15,1,0.03534325957298279,0.0004135429859161377,0.3388422727584839,0.20731991529464722,0.14098286628723145,0.07961301207542419,1,0.0,1,0.0,0,1.0,1,1.0,1,1.0,0.03492971658706665
348,0.15,1,-0.03376375138759613,-0.05066277384757996,0.5150115489959717,0.26615902185440066,0.06316182017326355,-0.004573065042495728,0,0.0,0,0.0,1,1.0,1,1.0,1,1.0,0.01689902245998383
317,0.15,1,0.15674719214439392,0.06418692469596862,0.3454623222351074,0.15172683000564574,0.21183186769485474,0.10042749643325806,0,0.0,0,0.0,1,1.0,1,1.0,1,1.0,0.0925602674484253
691,0.15,1,-0.011428505182266235,0.0014890611171722412,0.3668994903564453,0.14783982038497925,0.019717872142791748,0.028663003444671632,0,0.2,0,0.2,1,0.8,1,1.0,1,1.0,-0.012917566299438476
651,0.15,1,0.09896554052829742,0.04266502559185028,0.38337093591690063,0.2243875026702881,0.18540436029434204,0.08539322018623352,0,0.0,0,0.0,1,1.0,1,1.0,1,1.0,0.056300514936447145
541,0.15,1,0.027301162481307983,-0.016820472478866578,0.3262414336204529,0.17877962589263915,0.14091277122497559,0.06973953247070312,0,0.0,0,0.0,1,1.0,1,1.0,1,1.0,0.04412163496017456
392,0.15,1,0.06136798858642578,0.03115108609199524,0.343148410320282,0.2181139588356018,0.17636391520500183,0.0986651360988617,0,0.0,0,0.0,1,1.0,1,1.0,1,1.0,0.030216902494430542
529,0.15,1,0.1861729621887207,0.036148399114608765,0.39467525482177734,0.10820343494415283,0.22882860898971558,0.05300689935684204,0,0.0,0,0.0,1,1.0,1,1.0,1,1.0,0.15002456307411194
423,0.15,1,0.09258608520030975,0.01586536765098572,0.5520224571228027,0.1495987892150879,0.06550180912017822,0.022469526529312132,46,0.2,1,0.2,0,0.8,0,1.0,0,1.0,0.07672071754932404
286,0.15,1,0.07108679413795471,0.026693844795227052,0.4508136510848999,0.17650092840194703,0.15468215942382812,0.07051474452018738,0,0.0,0,0.0,1,1.0,1,1.0,1,1.0,0.04439294934272766
25,0.15,1,0.09681442379951477,0.03807212114334106,0.34756404161453247,0.11697578430175781,0.23283588886260986,0.07385298013687133,0,0.0,0,0.0,1,1.0,1,1.0,1,1.0,0.05874230265617371
94,0.15,1,0.023255974054336548,0.02105901837348938,0.4462333917617798,0.256714928150177,0.14078792929649353,0.07214694619178771,0,0.0,0,0.0,1,1.0,1,1.0,1,1.0,0.0021969556808471673
295,0.15,1,0.09869474172592163,0.07088095247745514,0.5703327059745789,0.40197656154632566,0.09437568485736847,0.07133937180042267,0,0.0,0,0.0,1,1.0,1,1.0,1,1.0,0.02781378924846649
707,0.15,1,0.05154481530189514,0.04361189007759094,0.3861834406852722,0.2048327922821045,0.18212521076202393,0.10184056758880615,0,0.0,0,0.0,1,1.0,1,1.0,1,1.0,0.0079329252243042
205,0.15,1,0.10747045278549194,0.05787105560302734,0.3213682770729065,0.19067438840866088,0.17286333441734314,0.07644716501235962,0,0.0,0,0.0,1,1.0,1,1.0,1,1.0,0.0495993971824646
83,0.15,1,0.04930369555950165,-0.0003537982702255249,0.47898685932159424,0.17320902347564698,0.0922284871339798,0.006951576471328736,1,0.0,1,0.0,0,1.0,1,1.0,1,1.0,0.04965749382972717
162,0.15,1,0.12252506613731384,0.058896875381469725,0.3738248348236084,0.2101192593574524,0.18906772136688232,0.1039194107055664,0,0.0,0,0.0,1,1.0,1,1.0,1,1.0,0.06362819075584411
311,0.15,1,0.10212671756744385,-0.010730987787246704,0.3895840644836426,0.13057942390441896,0.23079213500022888,0.0549090564250946,5,0.0,1,0.0,0,1.0,0,1.0,1,1.0,0.11285770535469056
440,0.15,1,0.08968687057495117,0.0464957058429718,0.4223026633262634,0.22477916479110718,0.15932220220565796,0.082393217086792,0,0.0,0,0.0,1,1.0,1,1.0,1,1.0,0.04319116473197937
501,0.15,1,0.08703401684761047,0.05034621357917786,0.3772119879722595,0.2389441967010498,0.15741753578186035,0.12329615950584412,0,0.0,0,0.0,1,1.0,1,1.0,1,1.0,0.036687803268432614
738,0.15,1,0.13983288407325745,0.12545940279960632,0.5068309307098389,0.4589020013809204,0.20309895277023315,0.1853118658065796,0,0.0,0,0.0,1,1.0,1,1.0,1,1.0,0.014373481273651123
538,0.15,1,-0.027241677045822144,-0.01545003056526184,0.4659233093261719,0.17310343980789183,0.0535731315612793,0.018448054790496826,0,0.0,0,0.0,1,1.0,1,1.0,1,1.0,-0.011791646480560303
376,0.15,1,0.03677201271057129,0.026035106182098387,0.24635404348373413,0.14880234003067017,0.06715667247772217,0.02807091474533081,0,0.0,0,0.0,1,1.0,1,1.0,1,1.0,0.010736906528472902
281,0.15,1,0.13635021448135376,0.08610710203647613,0.36813151836395264,0.30077351331710817,0.19529643654823303,0.11890790462493897,0,0.0,0,0.0,1,1.0,1,1.0,1,1.0,0.05024311244487763
558,0.15,1,0.1085960865020752,0.02204614281654358,0.4240299463272095,0.12974941730499268,0.1641433835029602,0.04870162010192871,0,0.0,0,0.0,1,1.0,1,1.0,1,1.0,0.08654994368553162
432,0.15,1,0.07554307579994202,0.02777852416038513,0.558689296245575,0.22941081523895263,0.2049817442893982,0.07847515940666198,0,0.0,0,0.0,1,1.0,1,1.0,1,1.0,0.04776455163955688
555,0.15,1,0.12335619330406189,0.05943415760993957,0.2689632177352905,0.16706005334854127,0.12443029880523682,0.06581114530563355,0,0.0,0,0.0,1,1.0,1,1.0,1,1.0,0.06392203569412232
581,0.15,1,0.19758380949497223,0.037937271595001223,0.6755563020706177,0.27728599309921265,0.18698172271251678,0.05490100383758545,1500,17.4,1,0.2,0,0.8,0,0.8,0,0.8,0.15964653789997102
636,0.15,2,0.02449934184551239,0.001252734661102295,0.5892425179481506,0.12937053442001342,0.13557784259319305,0.02029152512550354,12,2.2,0,0.0,0,0.2,0,0.8,0,0.8,0.023246607184410094
572,0.15,1,0.06298477947711945,0.02694363296031952,0.5250884294509888,0.26098774671554564,0.2429349422454834,0.10697393417358399,0,0.0,0,0.0,1,1.0,1,1.0,1,1.0,0.036041146516799925
310,0.15,1,-0.009514808654785156,0.003178328275680542,0.40483230352401733,0.17917536497116088,0.15282121300697327,0.054133874177932736,0,0.0,0,0.0,1,1.0,1,1.0,1,1.0,-0.012693136930465698
635,0.15,1,0.11842906475067139,0.056006821990013125,0.5448718070983887,0.23413480520248414,0.18810313940048218,0.09025985896587371,5,1.8,1,0.4,0,0.6,0,0.8,1,1.0,0.06242224276065826
64,0.15,1,0.0276259183883667,0.0075915992259979245,0.533388614654541,0.1511484742164612,0.22312644124031067,0.05881797671318054,0,0.0,0,0.0,1,1.0,1,1.0,1,1.0,0.020034319162368773
109,0.15,1,0.07414153218269348,0.06806780993938447,0.28133565187454224,0.24066560268402098,0.11219489574432373,0.09087117314338684,0,0.0,0,0.0,1,1.0,1,1.0,1,1.0,0.0060737222433090154
314,0.15,1,-0.004962921142578125,0.012437880039215088,0.21565377712249756,0.12587040662765503,0.04526621103286743,0.022750043869018556,0,0.0,0,0.0,1,1.0,1,1.0,1,1.0,-0.017400801181793213
380,0.15,1,0.10113979876041412,0.04681641161441803,0.44879674911499023,0.16680458784103394,0.1471375823020935,0.05918713212013245,0,0.0,0,0.0,1,1.0,1,1.0,1,1.0,0.05432338714599609
54,0.15,329,-0.03998631238937378,-0.06495680212974549,0.4047711491584778,0.24076763391494752,-0.0010921657085418701,-0.01845410168170929,-102,-186.4,0,0.0,0,0.0,0,0.0,0,0.0,0.024970489740371707
634,0.15,1,0.12633222341537476,0.1177453100681305,0.38326501846313477,0.23093647956848146,0.1714724600315094,0.10506547093391419,0,0.0,0,0.0,1,1.0,1,1.0,1,1.0,0.008586913347244263
641,0.15,1,0.09406307339668274,0.048920899629592896,0.46970057487487793,0.12918328046798705,0.1695331335067749,0.04606188535690307,0,0.0,0,0.0,1,1.0,1,1.0,1,1.0,0.045142173767089844
388,0.15,1,0.06513479351997375,0.009225112199783326,0.3391205072402954,0.2031779408454895,0.18418818712234497,0.0685079574584961,0,0.0,0,0.0,1,1.0,1,1.0,1,1.0,0.05590968132019043
169,0.15,1,0.006393790245056152,-0.007049298286437989,0.44348418712615967,0.11321566104888917,0.09920051693916321,0.028484314680099487,0,0.0,0,0.0,1,1.0,1,1.0,1,1.0,0.013443088531494141
335,0.15,1,0.08083397150039673,0.0057703197002410885,0.40772342681884766,0.17017560005187987,0.08835536241531372,0.0011618435382843018,3,0.4,1,0.2,0,0.8,1,1.0,1,1.0,0.07506365180015565
484,0.15,1,-0.06210041046142578,-0.004574871063232422,0.4894868731498718,0.2032441020011902,0.17205142974853516,0.0820062816143036,0,0.0,0,0.0,1,1.0,1,1.0,1,1.0,-0.05752553939819336
235,0.15,1,0.12267279624938965,0.038652098178863524,0.45639824867248535,0.22377346754074096,0.22239625453948975,0.09038589596748352,0,0.0,0,0.0,1,1.0,1,1.0,1,1.0,0.08402069807052612
610,0.15,1,0.11384312808513641,0.026818278431892394,0.4805406332015991,0.189629065990448,0.1539662480354309,0.03347870111465454,0,0.0,0,0.0,1,1.0,1,1.0,1,1.0,0.08702484965324402
92,0.15,1,0.07569868862628937,0.0256356805562973,0.3883625268936157,0.18584342002868653,0.13170260190963745,0.04356608986854553,0,0.0,0,0.0,1,1.0,1,1.0,1,1.0,0.05006300806999207
7,0.15,1,0.10124668478965759,0.027207762002944946,0.559231162071228,0.19186007976531982,0.28213468194007874,0.09053575992584229,16,0.6,1,0.2,0,0.8,0,1.0,0,1.0,0.07403892278671265
49,0.15,13,-0.04208587110042572,-0.029640597105026246,0.41893470287323,0.1922958731651306,0.11944751441478729,0.02702929973602295,15,1.8,0,0.0,0,0.0,0,0.0,0,0.2,-0.012445273995399474
252,0.15,1,-0.01775720715522766,0.005306333303451538,0.4272834062576294,0.1272040367126465,0.1648808717727661,0.045334255695343016,0,0.0,0,0.0,1,1.0,1,1.0,1,1.0,-0.0230635404586792
359,0.15,1,0.03060835599899292,0.03997607827186585,0.45277976989746094,0.31684653759002684,0.17421478033065796,0.13042712807655335,0,0.0,0,0.0,1,1.0,1,1.0,1,1.0,-0.009367722272872928
660,0.15,1,0.02015089988708496,-0.004471099376678467,0.48521888256073,0.1358254909515381,0.2734978497028351,0.052820992469787595,0,0.0,0,0.0,1,1.0,1,1.0,1,1.0,0.024621999263763426
79,0.15,1,0.04569074511528015,-0.00031199455261230467,0.35088086128234863,0.10946112871170044,0.12159717082977295,0.034978896379470825,0,0.0,0,0.0,1,1.0,1,1.0,1,1.0,0.04600273966789246
329,0.15,1,0.1577671617269516,0.08164359331130981,0.4531669616699219,0.2838257074356079,0.24767053127288818,0.14331424236297607,0,0.0,0,0.0,1,1.0,1,1.0,1,1.0,0.07612356841564179
2,0.15,1,0.04376506805419922,0.023183608055114747,0.41922712326049805,0.19109785556793213,0.10765665769577026,0.023733222484588624,0,0.0,0,0.0,1,1.0,1,1.0,1,1.0,0.02058145999908447
251,0.15,1,0.046517759561538696,0.027434897422790528,0.4731616973876953,0.19952503442764283,0.2696899473667145,0.10798830986022949,0,0.0,0,0.0,1,1.0,1,1.0,1,1.0,0.019082862138748168
108,0.15,1,0.12411549687385559,0.08483504056930542,0.3153024911880493,0.1895928740501404,0.20801979303359985,0.12422157526016235,0,0.0,0,0.0,1,1.0,1,1.0,1,1.0,0.03928045630455017
267,0.15,1,0.003274261951446533,-0.0024492621421813967,0.4155874252319336,0.23863879442214966,0.07469171285629272,0.0893895149230957,0,0.0,0,0.0,1,1.0,1,1.0,1,1.0,0.00572352409362793
590,0.15,5,0.13898694515228271,0.003843846917152405,0.6498696804046631,0.02789008617401123,0.08530881255865097,-0.0006274402141571045,183,-0.2,0,0.0,0,0.0,0,0.8,0,1.0,0.13514309823513032
570,0.15,1,0.14171801507472992,0.04360951483249664,0.565027117729187,0.2620552182197571,0.15497009456157684,0.04103060066699982,0,0.0,0,0.0,1,1.0,1,1.0,1,1.0,0.09810850024223328
522,0.15,1,0.041595518589019775,0.044275063276290896,0.39767634868621826,0.14314223527908326,0.12046068906784058,0.049622124433517455,0,0.0,0,0.0,1,1.0,1,1.0,1,1.0,-0.002679544687271121
27,0.15,2,-0.016640782356262207,0.001539275050163269,0.3361765146255493,0.14472992420196534,0.013387143611907959,0.02370816469192505,0,0.6,0,0.0,0,0.0,1,1.0,1,1.0,-0.018180057406425476
82,0.15,1,0.1048809289932251,0.019771432876586913,0.42499589920043945,0.11021562814712524,0.1614394187927246,0.03638756275177002,0,0.0,0,0.0,1,1.0,1,1.0,1,1.0,0.08510949611663818
65,0.15,1,0.07262036204338074,0.07636406421661376,0.41705846786499023,0.36264863014221194,0.2735491096973419,0.2098379909992218,0,0.0,0,0.0,1,1.0,1,1.0,1,1.0,-0.0037437021732330267
320,0.15,1,0.06780993938446045,0.045203757286071775,0.41262102127075195,0.13909764289855958,0.3010667562484741,0.10377079248428345,0,0.0,0,0.0,1,1.0,1,1.0,1,1.0,0.022606182098388675
596,0.15,1,0.13411995768547058,0.026028114557266235,0.4799664616584778,0.2224201202392578,0.19444704055786133,0.0698060393333435,2,0.0,1,0.0,0,1.0,1,1.0,1,1.0,0.10809184312820434
442,0.15,1,0.2251572608947754,0.0870550274848938,0.6028744578361511,0.2598538279533386,0.2160152941942215,0.0925819993019104,0,0.0,0,0.0,1,1.0,1,1.0,1,1.0,0.1381022334098816
414,0.15,10369,-0.11210374534130096,-0.0030793666839599608,0.4891219735145569,0.09437026977539062,0.015010230243206024,0.0028366953134536742,3680,-187.2,0,0.0,0,0.0,0,0.0,0,0.0,-0.109024378657341
517,0.15,1,0.15810948610305786,0.0882450819015503,0.5200021266937256,0.2718172907829285,0.23961350321769714,0.13090579509735106,0,0.0,0,0.0,1,1.0,1,1.0,1,1.0,0.06986440420150757
712,0.15,1,0.05282241106033325,0.007783478498458863,0.5482416152954102,0.18445028066635133,0.17764782905578613,0.05995998382568359,0,0.0,0,0.0,1,1.0,1,1.0,1,1.0,0.04503893256187439
111,0.15,1,0.11987107992172241,0.07500575482845306,0.40862083435058594,0.22278534173965453,0.11273980140686035,0.09766520857810974,0,0.0,0,0.0,1,1.0,1,1.0,1,1.0,0.04486532509326935
232,0.15,1,0.020199894905090332,0.015617430210113525,0.37000763416290283,0.2626951336860657,0.2462087869644165,0.17755228877067566,0,0.0,0,0.0,1,1.0,1,1.0,1,1.0,0.004582464694976807
711,0.15,1,0.1553063988685608,0.06964268684387206,0.4848558306694031,0.3111590504646301,0.25842541456222534,0.14124582409858705,0,0.0,0,0.0,1,1.0,1,1.0,1,1.0,0.08566371202468873
701,0.15,1,0.08448228240013123,0.03731306791305542,0.4287111759185791,0.1758190631866455,0.1971265971660614,0.08837344646453857,0,0.0,0,0.0,1,1.0,1,1.0,1,1.0,0.047169214487075804
533,0.15,1,0.1212373673915863,0.091014164686203,0.5214856863021851,0.3764341473579407,0.13220632076263428,0.08510349988937378,1,0.0,1,0.0,0,1.0,1,1.0,1,1.0,0.030223202705383298
426,0.15,1,-0.01810970902442932,0.022113496065139772,0.4227790832519531,0.1813722610473633,0.1939648985862732,0.06685298681259155,0,0.0,0,0.0,1,1.0,1,1.0,1,1.0,-0.04022320508956909
175,0.15,1,0.034600287675857544,0.009905767440795899,0.34314805269241333,0.18058563470840455,0.14342480897903442,0.05507438182830811,0,0.0,0,0.0,1,1.0,1,1.0,1,1.0,0.024694520235061645
89,0.15,24,0.04792577028274536,0.028381747007369996,0.3565431833267212,0.25708967447280884,0.05828097462654114,0.04034968614578247,195,103.0,0,0.0,0,0.0,0,0.0,0,0.0,0.019544023275375366
303,0.15,1,0.1141747236251831,0.04260024428367615,0.5097068548202515,0.25484901666641235,0.18979689478874207,0.09766813516616821,0,0.0,0,0.0,1,1.0,1,1.0,1,1.0,0.07157447934150696
619,0.15,1,0.1303701400756836,0.0658325970172882,0.3769257664680481,0.23387348651885986,0.14715337753295898,0.07688765525817871,0,0.0,0,0.0,1,1.0,1,1.0,1,1.0,0.06453754305839539
1,0.15,81,0.038696177303791046,0.012919755280017852,0.28509068489074707,0.11258639097213745,0.07215947657823563,0.021562178432941437,332,15.2,0,0.0,0,0.0,0,0.0,0,0.0,0.025776422023773192
495,0.15,1,0.012482255697250366,0.01013728380203247,0.3833963871002197,0.31043914556503294,0.1620340347290039,0.12691555619239808,0,0.0,0,0.0,1,1.0,1,1.0,1,1.0,0.002344971895217896
168,0.15,1,0.06799012422561646,0.011182910203933716,0.46610426902770996,0.1893945813179016,0.16716423630714417,0.06068007349967956,2,0.0,1,0.0,0,1.0,1,1.0,1,1.0,0.05680721402168274
455,0.15,1,0.08577847480773926,0.043271660804748535,0.4257258176803589,0.20971152782440186,0.20354309678077698,0.06814172863960266,0,0.0,0,0.0,1,1.0,1,1.0,1,1.0,0.04250681400299072
696,0.15,1,0.09077218174934387,0.043652409315109254,0.4704216718673706,0.30140750408172606,0.12632077932357788,0.06090565323829651,0,0.0,0,0.0,1,1.0,1,1.0,1,1.0,0.04711977243423462
144,0.15,1,0.04436787962913513,0.017661720514297485,0.4711398482322693,0.25804359912872316,0.24465298652648926,0.08872382044792175,0,0.2,0,0.2,1,0.8,1,1.0,1,1.0,0.026706159114837646
577,0.15,1,0.13202187418937683,0.018164753913879395,0.4847910404205322,0.1502261996269226,0.16042613983154297,0.042310279607772824,0,0.0,0,0.0,1,1.0,1,1.0,1,1.0,0.11385712027549744
401,0.15,1,0.07821978628635406,0.06172866523265839,0.3770385980606079,0.30926737785339353,0.06196191906929016,0.0474259078502655,0,0.0,0,0.0,1,1.0,1,1.0,1,1.0,0.016491121053695677
557,0.15,1,0.06058555841445923,0.02245728373527527,0.4761279821395874,0.1290959358215332,0.1644212007522583,0.04772124886512756,0,0.0,0,0.0,1,1.0,1,1.0,1,1.0,0.03812827467918396
161,0.15,1,0.08845654129981995,0.040930503606796266,0.4605677127838135,0.28622573614120483,0.21597525477409363,0.11337553262710572,0,0.0,0,0.0,1,1.0,1,1.0,1,1.0,0.04752603769302368
231,0.15,1,0.08316946029663086,0.012867438793182372,0.4790886640548706,0.21151202917099,0.27643758058547974,0.1227497935295105,5,1.0,1,0.2,0,0.8,0,0.8,1,1.0,0.07030202150344848
531,0.15,1,0.0570412278175354,0.04207372069358826,0.351656436920166,0.1564720630645752,0.13086757063865662,0.06778973340988159,0,0.0,0,0.0,1,1.0,1,1.0,1,1.0,0.014967507123947142
124,0.15,1,0.11820635199546814,0.07180543541908264,0.411263108253479,0.18678349256515503,0.19885635375976562,0.08092440366744995,0,0.0,0,0.0,1,1.0,1,1.0,1,1.0,0.046400916576385495
637,0.15,1,0.019708722829818726,-0.0045210540294647215,0.4069124460220337,0.24421923160552977,0.06198608875274658,0.031467586755752563,0,0.0,0,0.0,1,1.0,1,1.0,1,1.0,0.024229776859283448
113,0.15,1,0.0562920868396759,0.051378661394119264,0.3781951665878296,0.20123993158340453,0.17756062746047974,0.12129828333854675,0,0.0,0,0.0,1,1.0,1,1.0,1,1.0,0.004913425445556639
308,0.15,1,0.07953661680221558,0.015353628993034362,0.5571125149726868,0.3231971740722656,0.26397594809532166,0.14995817542076112,0,0.0,0,0.0,1,1.0,1,1.0,1,1.0,0.06418298780918122
382,0.15,1,0.036834388971328735,-0.016458123922348022,0.2756918668746948,0.18241509199142455,0.07111632823944092,0.011873602867126465,0,0.0,0,0.0,1,1.0,1,1.0,1,1.0,0.05329251289367676
667,0.15,255,0.026690900325775146,-0.006536254286766052,0.48559653759002686,0.32205580472946166,0.04914146661758423,0.014471971988677978,1852,81.6,0,0.0,0,0.0,0,0.0,0,0.0,0.0332271546125412
181,0.15,1,0.06954739987850189,0.03554608225822449,0.39430010318756104,0.1675044536590576,0.23311907052993774,0.09148162603378296,0,0.0,0,0.0,1,1.0,1,1.0,1,1.0,0.0340013176202774
418,0.15,1,0.13733288645744324,0.054528892040252686,0.44297993183135986,0.17356455326080322,0.2612185478210449,0.09899036288261413,0,0.0,0,0.0,1,1.0,1,1.0,1,1.0,0.08280399441719055
19,0.15,1,0.1031869649887085,0.01816685199737549,0.4510672092437744,0.10886160135269166,0.10663282871246338,0.03544414043426514,4,0.0,1,0.0,0,1.0,1,1.0,1,1.0,0.08502011299133301
202,0.15,1,0.003439769148826599,0.013762348890304565,0.5639388561248779,0.28483325242996216,0.2070043683052063,0.10729213953018188,0,0.0,0,0.0,1,1.0,1,1.0,1,1.0,-0.010322579741477966
398,0.15,1,0.22305771708488464,0.10298227071762085,0.5067574381828308,0.24092411994934082,0.1886480152606964,0.0869696319103241,0,0.0,0,0.0,1,1.0,1,1.0,1,1.0,0.12007544636726379
90,0.15,1,0.10910128057003021,0.02828395366668701,0.5082843899726868,0.21052588224411012,0.16821704804897308,0.045989620685577395,46,6.4,1,0.2,0,0.8,0,0.8,0,0.8,0.0808173269033432
274,0.15,1,0.10790327191352844,0.05206342339515686,0.4708566665649414,0.2664317965507507,0.287409245967865,0.15833072662353515,7,2.8,1,0.4,0,0.6,0,0.6,1,1.0,0.05583984851837158
433,0.15,1,0.07990539073944092,0.03958454430103302,0.5159416198730469,0.295967161655426,0.18595273792743683,0.08972336053848266,15,1.8,1,0.6,0,0.4,0,0.8,0,1.0,0.0403208464384079
385,0.15,1,0.24921664595603943,0.04664537310600281,0.5647507309913635,0.17186901569366456,0.28435365855693817,0.07413549423217773,0,0.0,0,0.0,1,1.0,1,1.0,1,1.0,0.20257127285003662
719,0.15,1,0.08959364891052246,0.03976723551750183,0.31494808197021484,0.18366838693618776,0.1648554801940918,0.09994682073593139,0,0.0,0,0.0,1,1.0,1,1.0,1,1.0,0.04982641339302063
715,0.15,1,0.13587510585784912,0.0197656512260437,0.5106746554374695,0.23721925020217896,0.27525657415390015,0.1012493371963501,0,0.0,0,0.0,1,1.0,1,1.0,1,1.0,0.11610945463180541
28,0.15,1,0.035493820905685425,0.013961613178253174,0.49619102478027344,0.1801753520965576,0.22940409183502197,0.07997180223464966,0,0.0,0,0.0,1,1.0,1,1.0,1,1.0,0.02153220772743225
91,0.15,1,0.06587377190589905,0.05209739208221435,0.31576913595199585,0.23293405771255493,0.0349823534488678,0.03573330640792847,0,0.0,0,0.0,1,1.0,1,1.0,1,1.0,0.013776379823684695
728,0.15,1,0.0886717140674591,0.05896493196487427,0.3802635669708252,0.2306206226348877,0.2128157615661621,0.13032334446907043,0,0.0,0,0.0,1,1.0,1,1.0,1,1.0,0.029706782102584837
655,0.15,2,0.13093745708465576,0.0008977293968200683,0.5320578217506409,0.08830602169036865,0.24679994583129883,0.026539087295532227,5,-0.2,0,0.0,0,0.2,0,1.0,1,1.0,0.1300397276878357
603,0.15,1,0.029608696699142456,-0.0020435571670532225,0.46921563148498535,0.09256925582885742,0.12665152549743652,0.0020095884799957277,0,0.0,0,0.0,1,1.0,1,1.0,1,1.0,0.031652253866195676
338,0.15,358,0.021576032042503357,-0.020741331577301025,0.5353098511695862,0.2527766823768616,0.08045531809329987,-0.017528370022773743,3175,-246.0,0,0.0,0,0.0,0,0.0,0,0.0,0.042317363619804385
562,0.15,10,-0.029077380895614624,-0.012613499164581298,0.43196022510528564,0.21656155586242676,0.19255301356315613,0.08050585389137269,12,2.2,0,0.0,0,0.0,0,0.0,0,0.6,-0.016463881731033324
470,0.15,1,0.10161936283111572,0.08573107719421387,0.3957732915878296,0.2675302028656006,0.18242087960243225,0.1358621299266815,0,0.0,0,0.0,1,1.0,1,1.0,1,1.0,0.015888285636901853
323,0.15,1,0.1294194459915161,0.11467880606651307,0.280597448348999,0.24181805849075316,0.14963769912719727,0.13955858945846558,0,0.0,0,0.0,1,1.0,1,1.0,1,1.0,0.014740639925003046
199,0.15,1,0.11592349410057068,0.05714757442474365,0.3529868721961975,0.20649317502975464,0.02384662628173828,0.04364356994628906,0,0.0,0,0.0,1,1.0,1,1.0,1,1.0,0.05877591967582703
4,0.15,1,0.013847202062606812,0.00021748542785644532,0.42459768056869507,0.22269134521484374,0.2135027050971985,0.09039109349250793,0,0.0,0,0.0,1,1.0,1,1.0,1,1.0,0.013629716634750367
594,0.15,22,-0.034930869936943054,0.012862011790275574,0.371947705745697,0.147910213470459,-0.010813087224960327,0.01184157133102417,-21,25.6,0,0.0,1,0.0,1,0.0,1,0.2,-0.04779288172721863
0,0.15,1,0.0054235756397247314,0.004109469056129455,0.46352022886276245,0.29451899528503417,0.19919610023498535,0.15109099745750426,0,0.0,0,0.0,1,1.0,1,1.0,1,1.0,0.001314106583595276
682,0.15,1,0.09383010864257812,0.008314168453216553,0.3347235918045044,0.19864033460617064,0.18398499488830566,0.0969190239906311,0,0.0,0,0.0,1,1.0,1,1.0,1,1.0,0.08551594018936157
277,0.15,1,0.12142506241798401,0.04753440022468567,0.4495771527290344,0.15871944427490234,0.1320563554763794,0.06643811464309693,0,0.0,0,0.0,1,1.0,1,1.0,1,1.0,0.07389066219329835
6,0.15,1,0.06330691277980804,0.017359423637390136,0.45174872875213623,0.17816996574401855,0.09388791024684906,0.03212099075317383,0,0.0,0,0.0,1,1.0,1,1.0,1,1.0,0.045947489142417905
208,0.15,1,0.014937996864318848,0.020587873458862305,0.47527921199798584,0.2253069043159485,0.1064494252204895,0.05420055389404297,0,0.0,0,0.0,1,1.0,1,1.0,1,1.0,-0.005649876594543458
279,0.15,1,-0.014204442501068115,0.00745963454246521,0.4090971350669861,0.15512880086898803,0.12948784232139587,0.05545722246170044,0,0.4,0,0.4,1,0.6,1,1.0,1,1.0,-0.021664077043533327
322,0.15,1,-0.04583019018173218,-0.010325616598129273,0.3707287311553955,0.1804768681526184,-0.008717983961105347,0.025831276178359987,0,0.4,0,0.2,1,0.8,1,1.0,1,1.0,-0.03550457358360291
566,0.15,1,0.12843835353851318,0.062005043029785156,0.5298655033111572,0.30312628746032716,0.18843454122543335,0.10315223932266235,0,0.0,0,0.0,1,1.0,1,1.0,1,1.0,0.06643331050872803
219,0.15,1,0.18649208545684814,0.057682552933692934,0.4885854125022888,0.283493709564209,0.2616748809814453,0.10101015567779541,0,0.0,0,0.0,1,1.0,1,1.0,1,1.0,0.12880953252315522
717,0.15,1,0.16930294036865234,0.026481103897094727,0.4148811101913452,0.07086102962493897,0.22989767789840698,0.02620798349380493,0,0.0,0,0.0,1,1.0,1,1.0,1,1.0,0.1428218364715576
367,0.15,1,-0.009606093168258667,0.030465412139892577,0.2742347717285156,0.16259490251541137,0.0882643461227417,0.0770829200744629,0,0.0,0,0.0,1,1.0,1,1.0,1,1.0,-0.04007150530815125
58,0.15,1,0.105987548828125,0.05483076870441437,0.5204094052314758,0.35704110860824584,0.17787393927574158,0.12262367606163024,0,0.0,0,0.0,1,1.0,1,1.0,1,1.0,0.05115678012371063
410,0.15,1,0.04272943735122681,0.009696868062019349,0.49734097719192505,0.23215994834899903,0.2287803590297699,0.10118914246559144,3,0.6,1,0.6,0,0.4,1,1.0,1,1.0,0.03303256928920746
256,0.15,1,0.12465846538543701,0.02585441470146179,0.4292084574699402,0.2124492645263672,0.20776277780532837,0.09010696411132812,0,0.0,0,0.0,1,1.0,1,1.0,1,1.0,0.09880405068397521
316,0.15,1,0.19110417366027832,0.07840279936790466,0.3114720582962036,0.1339629888534546,0.22193992137908936,0.08539648652076721,0,0.0,0,0.0,1,1.0,1,1.0,1,1.0,0.11270137429237366
188,0.15,1,0.017947673797607422,0.022317981719970702,0.4246177077293396,0.15186916589736937,0.13612866401672363,0.04891263246536255,0,0.0,0,0.0,1,1.0,1,1.0,1,1.0,-0.00437030792236328
209,0.15,492,0.00010186433792114258,0.03365097641944885,0.37657904624938965,0.17641083002090455,0.015268124639987946,0.018160709738731386,217,433.6,0,0.0,0,0.0,0,0.0,0,0.0,-0.03354911208152771
309,0.15,1,0.0386292040348053,0.00940030813217163,0.4251170754432678,0.2437743902206421,0.15512913465499878,0.10172172784805297,0,0.0,0,0.0,1,1.0,1,1.0,1,1.0,0.029228895902633667
645,0.15,107,-0.023050367832183838,-0.02519945502281189,0.25202929973602295,0.1847570300102234,0.022967994213104248,0.0047423988580703735,128,44.6,0,0.0,0,0.0,0,0.0,0,0.0,0.0021490871906280525
272,0.15,1,0.039740145206451416,-0.007071202993392945,0.4194437861442566,0.16027356386184693,0.23289024829864502,0.06157219409942627,0,0.0,0,0.0,1,1.0,1,1.0,1,1.0,0.04681134819984436
318,0.15,1,0.1343124806880951,0.03185131549835205,0.42930543422698975,0.13820487260818481,0.23528799414634705,0.0764024794101715,1,0.0,1,0.0,0,1.0,1,1.0,1,1.0,0.10246116518974305
29,0.15,1,0.1211797297000885,0.05218149423599243,0.3950706720352173,0.21772128343582153,0.22593772411346436,0.13275889158248902,0,0.0,0,0.0,1,1.0,1,1.0,1,1.0,0.06899823546409607
115,0.15,1,0.09396252036094666,0.06754992008209229,0.48871880769729614,0.216497004032135,0.2186572253704071,0.10714499950408936,0,0.0,0,0.0,1,1.0,1,1.0,1,1.0,0.026412600278854365
441,0.15,1,0.11915817856788635,0.14461055696010588,0.2937101125717163,0.3324142098426819,0.16822922229766846,0.21494333148002626,0,0.0,0,0.0,1,1.0,1,1.0,1,1.0,-0.025452378392219532
63,0.15,1,0.05730867385864258,0.028963130712509156,0.4813876748085022,0.24473493099212645,0.1621270477771759,0.08626887798309327,0,0.0,0,0.0,1,1.0,1,1.0,1,1.0,0.028345543146133422
648,0.15,109,-0.00587540864944458,0.01370435357093811,0.36973482370376587,0.21351041793823242,0.021090030670166016,0.02077406197786331,-12,67.8,0,0.0,0,0.0,0,0.0,0,0.0,-0.019579762220382692
177,0.15,1,0.1353055238723755,0.062244093418121337,0.3688650131225586,0.24562727212905883,0.20394840836524963,0.10833775997161865,0,0.0,0,0.0,1,1.0,1,1.0,1,1.0,0.07306143045425414
499,0.15,1,0.152142733335495,0.04535380005836487,0.41229355335235596,0.14073891639709474,0.2055603265762329,0.07769383192062378,20,0.4,1,0.2,0,0.8,0,1.0,0,1.0,0.10678893327713013
60,0.15,1,0.29169052839279175,0.1315872013568878,0.45766669511795044,0.26258167028427126,0.27937182784080505,0.15418682098388672,0,0.0,0,0.0,1,1.0,1,1.0,1,1.0,0.16010332703590394
365,0.15,1,0.03823700547218323,0.01746809482574463,0.316821813583374,0.1848657250404358,0.07468283176422119,0.04734476208686829,1,0.6,1,0.4,0,0.6,1,1.0,1,1.0,0.0207689106464386
673,0.15,1,0.03363029658794403,-0.007210332155227661,0.49836015701293945,0.19785887002944946,0.1468261480331421,0.03715981245040893,0,0.0,0,0.0,1,1.0,1,1.0,1,1.0,0.040840628743171695
428,0.15,1,0.12811371684074402,0.08031766712665558,0.4907240867614746,0.26704909801483157,0.2480964958667755,0.14405196905136108,0,0.0,0,0.0,1,1.0,1,1.0,1,1.0,0.047796049714088434
297,0.15,1,0.05691342055797577,0.03849095404148102,0.4777126908302307,0.24182990789413453,0.15483248233795166,0.08338257372379303,2,3.8,1,0.4,0,0.6,1,0.8,1,0.8,0.018422466516494748
347,0.15,1,-0.015364140272140503,-0.03448229432106018,0.3478940725326538,0.25436015129089357,0.05485430359840393,0.0516884446144104,0,0.0,0,0.0,1,1.0,1,1.0,1,1.0,0.01911815404891968
669,0.15,1,0.021956056356430054,-0.0043783485889434814,0.5179133415222168,0.08433624505996704,0.11435064673423767,0.012079113721847534,0,0.0,0,0.0,1,1.0,1,1.0,1,1.0,0.026334404945373535
379,0.15,1,0.010995849967002869,0.007011711597442627,0.518848180770874,0.213512122631073,0.23676827549934387,0.08582567572593688,0,0.0,0,0.0,1,1.0,1,1.0,1,1.0,0.003984138369560242
393,0.15,1,0.002863168716430664,0.00860256552696228,0.34295105934143066,0.2066718339920044,0.08376884460449219,0.04533094763755798,0,0.0,0,0.0,1,1.0,1,1.0,1,1.0,-0.0057393968105316166
609,0.15,1,0.07961717247962952,0.037870219349861144,0.39380788803100586,0.25389649868011477,0.08054274320602417,0.07770819067955018,0,0.0,0,0.0,1,1.0,1,1.0,1,1.0,0.04174695312976837
727,0.15,1,-0.014182448387145996,-0.013239943981170654,0.5067428946495056,0.3116445422172546,0.26460468769073486,0.16796629428863524,0,0.0,0,0.0,1,1.0,1,1.0,1,1.0,-0.0009425044059753421
137,0.15,1,0.00971946120262146,0.00020366609096527099,0.40604168176651,0.2952569365501404,0.11279129981994629,0.08556582033634186,1,0.4,1,0.4,0,0.6,1,1.0,1,1.0,0.009515795111656188
132,0.15,1,0.16868999600410461,0.08927072882652283,0.35416191816329956,0.14757263660430908,0.2091551423072815,0.07481229305267334,0,0.0,0,0.0,1,1.0,1,1.0,1,1.0,0.07941926717758178
568,0.15,1,0.23996631801128387,0.1005537211894989,0.44981473684310913,0.24402846097946168,0.24223026633262634,0.11873969435691833,0,0.0,0,0.0,1,1.0,1,1.0,1,1.0,0.13941259682178497
230,0.15,1,0.0670422911643982,0.04629868268966675,0.3218001127243042,0.25193028450012206,0.10310602188110352,0.0681994915008545,3,1.2,1,0.6,0,0.4,1,1.0,1,1.0,0.020743608474731445
289,0.15,8,-0.006959199905395508,-0.0021100282669067384,0.1464763879776001,0.07637550830841064,0.0371822714805603,0.02983629107475281,7,1.6,0,0.0,0,0.0,0,0.0,0,0.6,-0.00484917163848877
593,0.15,1,0.0696408748626709,0.028947293758392334,0.3358258008956909,0.11294918060302735,0.1014215350151062,0.030797725915908812,0,0.0,0,0.0,1,1.0,1,1.0,1,1.0,0.040693581104278564
293,0.15,1,0.100710928440094,0.02984389066696167,0.16491395235061646,0.08070210218429566,0.10125893354415894,0.03486700057983398,0,0.0,0,0.0,1,1.0,1,1.0,1,1.0,0.07086703777313233
204,0.15,2720,-0.016423672437667847,-0.026225167512893676,0.36953699588775635,0.2653018951416016,0.007429312914609909,0.007363501936197281,-163,678.8,0,0.0,0,0.0,0,0.0,0,0.0,0.00980149507522583
503,0.15,1,0.08486634492874146,0.041566649079322816,0.3579924702644348,0.24920954704284667,0.1876516342163086,0.1134266972541809,0,0.0,0,0.0,1,1.0,1,1.0,1,1.0,0.04329969584941864
446,0.15,162,-0.07738593220710754,-0.06101278364658356,0.5648818016052246,0.22263942956924437,0.009931087493896484,2.824068069458008e-05,-47,-57.6,0,0.0,0,0.0,0,0.2,0,0.2,-0.016373148560523985
271,0.15,1,0.008129745721817017,0.017548710107803345,0.2921041250228882,0.17003639936447143,0.020208507776260376,0.06362380981445312,0,2.4,0,0.6,1,0.4,1,1.0,1,1.0,-0.009418964385986328
700,0.15,1,0.036862581968307495,0.023242700099945068,0.44053202867507935,0.25728062391281126,0.17713603377342224,0.10152989029884338,1,0.6,1,0.6,0,0.4,1,1.0,1,1.0,0.013619881868362427
721,0.15,1,0.2265804409980774,0.0835740864276886,0.5532323122024536,0.18017007112503053,0.27418655157089233,0.11599967479705811,0,0.0,0,0.0,1,1.0,1,1.0,1,1.0,0.1430063545703888
356,0.15,1,0.1250101625919342,0.06632916033267974,0.3273400664329529,0.21682343482971192,0.12583714723587036,0.08767645359039307,0,0.0,0,0.0,1,1.0,1,1.0,1,1.0,0.05868100225925446
663,0.15,2,0.00977468490600586,0.014817684888839722,0.3724830746650696,0.22913165092468263,0.09851029515266418,0.05868265628814697,0,0.8,0,0.0,0,0.0,1,1.0,1,1.0,-0.005042999982833862
130,0.15,1,0.08697342872619629,0.03298838138580322,0.4344789981842041,0.19275445938110353,0.1998928189277649,0.0773996114730835,0,0.0,0,0.0,1,1.0,1,1.0,1,1.0,0.05398504734039307
569,0.15,1,0.08251118659973145,0.05361433625221253,0.32696759700775146,0.1787147879600525,0.1025005578994751,0.06373299360275268,0,0.0,0,0.0,1,1.0,1,1.0,1,1.0,0.028896850347518918
493,0.15,1,0.0901385098695755,-0.00167330801486969,0.48553788661956787,0.09444252252578736,0.08859038352966309,0.010743856430053711,0,0.0,0,0.0,1,1.0,1,1.0,1,1.0,0.09181181788444519
153,0.15,1,0.03328627347946167,0.004253116250038147,0.42074131965637207,0.15412665605545045,0.03759634494781494,0.03471872806549072,0,0.0,0,0.0,1,1.0,1,1.0,1,1.0,0.029033157229423522
180,0.15,1,0.11301997303962708,0.019172397255897523,0.4880584478378296,0.10125377178192138,0.16625621914863586,0.033140265941619874,0,0.0,0,0.0,1,1.0,1,1.0,1,1.0,0.09384757578372956
139,0.15,1,0.05692185461521149,0.07468129098415374,0.4641512632369995,0.3121747851371765,0.09201335906982422,0.09705129861831666,0,0.0,0,0.0,1,1.0,1,1.0,1,1.0,-0.017759436368942255
675,0.15,1,0.10433772206306458,0.05348196625709534,0.3697991371154785,0.10380814075469971,0.17115896940231323,0.06350940465927124,0,0.0,0,0.0,1,1.0,1,1.0,1,1.0,0.05085575580596924
206,0.15,2,0.0042826831340789795,-0.0017784595489501952,0.3552755117416382,0.13098570108413696,0.16256681084632874,0.06364072561264038,0,0.0,0,0.0,0,0.0,1,1.0,1,1.0,0.006061142683029175
296,0.15,1,0.11177609860897064,0.07030840218067169,0.3892141580581665,0.22502003908157348,0.16473117470741272,0.07376644015312195,0,0.0,0,0.0,1,1.0,1,1.0,1,1.0,0.04146769642829895
15,0.15,1,-0.002461552619934082,-0.010972797870635986,0.3720393180847168,0.1792805552482605,0.10445886850357056,0.044408750534057614,0,0.0,0,0.0,1,1.0,1,1.0,1,1.0,0.008511245250701904
523,0.15,1,0.1631699502468109,0.04097957611083984,0.46852636337280273,0.12982208728790284,0.2368716597557068,0.06395787000656128,0,0.0,0,0.0,1,1.0,1,1.0,1,1.0,0.12219037413597107
41,0.15,1,0.059678733348846436,0.051791757345199585,0.4193911552429199,0.2730377197265625,0.20787084102630615,0.12936455607414246,0,0.0,0,0.0,1,1.0,1,1.0,1,1.0,0.00788697600364685
406,0.15,1,-0.05329027771949768,-0.002241140604019165,0.5590220093727112,0.0643884539604187,0.18839174509048462,0.009946775436401368,0,0.0,0,0.0,1,1.0,1,1.0,1,1.0,-0.05104913711547852
611,0.15,1,0.09360986948013306,0.013341954350471497,0.5792262554168701,0.17201311588287355,0.07374018430709839,0.014326578378677369,0,0.0,0,0.0,1,1.0,1,1.0,1,1.0,0.08026791512966155
203,0.15,1,0.20971134305000305,0.026044338941574097,0.42990928888320923,0.13976086378097535,0.17516636848449707,0.024713218212127686,0,0.0,0,0.0,1,1.0,1,1.0,1,1.0,0.18366700410842896
93,0.15,1,0.039682865142822266,0.013333052396774292,0.32334578037261963,0.20282734632492067,0.10084766149520874,0.060695070028305056,0,0.0,0,0.0,1,1.0,1,1.0,1,1.0,0.026349812746047974
583,0.15,2,-0.05168810486793518,-0.008903306722640992,0.49055683612823486,0.09829187393188477,0.16726148128509521,0.04813436269760132,-1,-0.4,0,0.0,1,0.4,1,1.0,1,1.0,-0.04278479814529419
438,0.15,2,-0.03065447509288788,-0.009160375595092774,0.512442409992218,0.14877808094024658,0.11315365135669708,0.012236577272415162,-1,0.0,0,0.0,1,0.2,1,1.0,1,1.0,-0.021494099497795106
131,0.15,1,-0.008947223424911499,0.007037198543548584,0.44219714403152466,0.2715200901031494,-0.001582026481628418,0.01752151846885681,0,0.2,0,0.2,1,0.8,1,1.0,1,1.0,-0.01598442196846008
148,0.15,32,-0.01691557466983795,0.012231010198593139,0.37301504611968994,0.2817788004875183,0.04933975636959076,0.05667898803949356,0,132.0,0,0.0,0,0.0,0,0.0,0,0.0,-0.02914658486843109
312,0.15,9,0.016942322254180908,0.014487087726593018,0.30936872959136963,0.21623142957687377,0.027789711952209473,0.02336176037788391,5,1.6,0,0.0,0,0.0,0,0.4,0,0.6,0.0024552345275878906
117,0.15,4,0.038737595081329346,0.014265060424804688,0.40913087129592896,0.3449512004852295,0.04289591312408447,0.04883452653884888,0,0.8,0,0.0,0,0.2,1,0.6,1,1.0,0.024472534656524658
396,0.15,1,0.15612949430942535,0.0360904335975647,0.524448037147522,0.1514926791191101,0.19464519619941711,0.050404918193817136,0,0.0,0,0.0,1,1.0,1,1.0,1,1.0,0.12003906071186066
644,0.15,1,-0.004956483840942383,0.011255106329917908,0.3006407618522644,0.15918467044830323,0.0830720067024231,0.050281566381454465,0,0.0,0,0.0,1,1.0,1,1.0,1,1.0,-0.01621159017086029
488,0.15,1,0.16017568111419678,0.04763522744178772,0.36237508058547974,0.15530097484588623,0.19303640723228455,0.06908618211746216,0,0.0,0,0.0,1,1.0,1,1.0,1,1.0,0.11254045367240906
32,0.15,1,0.12426072359085083,0.06020556688308716,0.346707284450531,0.20704492330551147,0.20295700430870056,0.11219923496246338,0,0.0,0,0.0,1,1.0,1,1.0,1,1.0,0.06405515670776367
584,0.15,1,0.06742459535598755,0.044607502222061154,0.461478590965271,0.13508858680725097,0.26533564925193787,0.08639198541641235,0,0.0,0,0.0,1,1.0,1,1.0,1,1.0,0.022817093133926394
77,0.15,1,-0.0025642216205596924,-0.005363678932189942,0.39231622219085693,0.253222918510437,0.1997028887271881,0.11262228488922119,0,0.0,0,0.0,1,1.0,1,1.0,1,1.0,0.0027994573116302494
220,0.15,1,0.16393427550792694,-0.004921126365661621,0.3655264973640442,0.18527072668075562,0.14515133202075958,-0.009450125694274902,33,0.0,1,0.0,0,1.0,0,1.0,0,1.0,0.16885540187358855
677,0.15,1,0.0552523136138916,0.041445177793502805,0.35071802139282227,0.15568915605545045,0.17983180284500122,0.07184295654296875,0,0.0,0,0.0,1,1.0,1,1.0,1,1.0,0.013807135820388797
288,0.15,1,0.0049492716789245605,0.018736910820007325,0.12892067432403564,0.09025094509124756,-0.03264272212982178,0.040712952613830566,0,0.0,0,0.0,1,1.0,1,1.0,1,1.0,-0.013787639141082764
681,0.15,1,0.04567444324493408,-6.120502948760986e-05,0.49014711380004883,0.2528773665428162,0.14968988299369812,0.05215158462524414,0,0.0,0,0.0,1,1.0,1,1.0,1,1.0,0.04573564827442169
197,0.15,1,-0.023798704147338867,0.005437672138214111,0.451815664768219,0.2537851452827454,0.059722572565078735,0.04876641035079956,0,0.0,0,0.0,1,1.0,1,1.0,1,1.0,-0.02923637628555298
526,0.15,1,0.0491504967212677,0.03654119372367859,0.43184399604797363,0.13256456851959228,0.15517902374267578,0.08260393142700195,0,0.0,0,0.0,1,1.0,1,1.0,1,1.0,0.012609302997589111
67,0.15,1,0.13445386290550232,0.04206697940826416,0.29526031017303467,0.1338498830795288,0.12237226963043213,0.055532485246658325,0,0.0,0,0.0,1,1.0,1,1.0,1,1.0,0.09238688349723816
506,0.15,1,0.0738186240196228,0.03549396991729736,0.3788524866104126,0.1726110339164734,0.22596043348312378,0.09114320278167724,0,0.0,0,0.0,1,1.0,1,1.0,1,1.0,0.03832465410232544
725,0.15,1,0.11636927723884583,0.06347512006759644,0.45808398723602295,0.3423223257064819,0.2161845862865448,0.16683119535446167,0,0.0,0,0.0,1,1.0,1,1.0,1,1.0,0.05289415717124939
126,0.15,328,-0.030472829937934875,-0.010192438960075378,0.28374993801116943,0.13031468391418458,-0.0033371001482009888,-0.002275225520133972,-86,-35.4,0,0.0,0,0.0,0,0.0,0,0.0,-0.020280390977859497
413,0.15,1,0.10514320433139801,0.06449474096298217,0.4975334405899048,0.2052762269973755,0.29015210270881653,0.10874881148338318,0,0.0,0,0.0,1,1.0,1,1.0,1,1.0,0.040648463368415835
507,0.15,1,0.06930999457836151,0.021678879857063293,0.504386305809021,0.19026533365249634,0.15369340777397156,0.05510154366493225,0,0.0,0,0.0,1,1.0,1,1.0,1,1.0,0.04763111472129822
243,0.15,1,0.06577259302139282,0.04405509829521179,0.3419796824455261,0.18483117818832398,0.042968958616256714,0.02340957522392273,2,0.8,1,0.6,0,0.4,1,1.0,1,1.0,0.02171749472618103
330,0.15,1,0.07773812115192413,0.04704021811485291,0.6158658862113953,0.25182749032974244,0.3775586783885956,0.13694924116134644,0,0.4,0,0.2,1,0.8,1,1.0,1,1.0,0.030697903037071227
52,0.15,1,-0.033770740032196045,-0.018725699186325072,0.4725266695022583,0.2769421935081482,0.13345974683761597,0.09172812104225159,0,0.0,0,0.0,1,1.0,1,1.0,1,1.0,-0.015045040845870973
55,0.15,1,0.10160011053085327,0.05218346118927002,0.3795579671859741,0.1976792573928833,0.1898747980594635,0.08522769212722778,0,0.0,0,0.0,1,1.0,1,1.0,1,1.0,0.049416649341583255
430,0.15,1,0.19874615967273712,0.04341927468776703,0.38911306858062744,0.2020555019378662,0.20398768782615662,0.07068767547607421,0,0.0,0,0.0,1,1.0,1,1.0,1,1.0,0.1553268849849701
133,0.15,1,0.04000702500343323,0.010560119152069091,0.47230005264282227,0.18299565315246583,0.21667644381523132,0.08375118374824524,2,0.2,1,0.2,0,0.8,1,1.0,1,1.0,0.029446905851364134
196,0.15,1,0.06299123167991638,0.05658548474311829,0.5389847159385681,0.30476219654083253,0.17896533012390137,0.11746646761894226,0,0.0,0,0.0,1,1.0,1,1.0,1,1.0,0.006405746936798094
463,0.15,1,0.09953552484512329,0.04090177416801453,0.39301228523254395,0.2100087285041809,0.2249482274055481,0.12039904594421387,0,0.0,0,0.0,1,1.0,1,1.0,1,1.0,0.05863375067710876
57,0.15,1,0.048812687397003174,0.017610329389572143,0.3219597339630127,0.16567595005035402,0.20748227834701538,0.08926978111267089,0,0.0,0,0.0,1,1.0,1,1.0,1,1.0,0.03120235800743103
684,0.15,1,0.11748379468917847,0.035533690452575685,0.46722257137298584,0.18913837671279907,0.26966017484664917,0.09394568204879761,1,0.4,1,0.4,0,0.6,1,1.0,1,1.0,0.08195010423660279
255,0.15,1,0.03988164663314819,0.031513267755508424,0.41283363103866577,0.24377732276916503,0.04368479549884796,0.053793683648109436,14,20.6,1,0.8,0,0.2,0,0.4,0,0.6,0.008368378877639769
321,0.15,1,-0.030161455273628235,0.017721658945083617,0.24466365575790405,0.15961862802505494,0.012211352586746216,0.04210736155509949,0,0.0,0,0.0,1,1.0,1,1.0,1,1.0,-0.04788311421871185
540,0.15,1,0.05892723798751831,0.0650577038526535,0.34737706184387207,0.23739385604858398,0.15672069787979126,0.13018615245819093,0,0.0,0,0.0,1,1.0,1,1.0,1,1.0,-0.006130465865135187
155,0.15,1,0.05616019666194916,0.04006671607494354,0.39093101024627686,0.2545124292373657,0.07881143689155579,0.06257572174072265,0,0.0,0,0.0,1,1.0,1,1.0,1,1.0,0.016093480587005618
378,0.15,1,0.03231048583984375,0.025929462909698487,0.3912853002548218,0.2538744330406189,0.1639491319656372,0.10776212215423583,0,0.0,0,0.0,1,1.0,1,1.0,1,1.0,0.006381022930145263
395,0.15,1,0.1786840856075287,0.053746357560157776,0.41116052865982056,0.24292608499526977,0.15264171361923218,0.06580411195755005,0,0.0,0,0.0,1,1.0,1,1.0,1,1.0,0.12493772804737091
229,0.15,1,-0.010220587253570557,-0.0041005551815032956,0.490195631980896,0.15726581811904908,0.1966145634651184,0.04756466150283813,0,0.0,0,0.0,1,1.0,1,1.0,1,1.0,-0.006120032072067261
431,0.15,1,0.04185269773006439,0.0025524020195007322,0.39559245109558105,0.17047237157821654,0.1314772367477417,0.027862507104873657,0,0.0,0,0.0,1,1.0,1,1.0,1,1.0,0.03930029571056366
580,0.15,27,-0.05520687997341156,-0.002144509553909302,0.44289886951446533,0.22737369537353516,0.0791633278131485,0.04973673224449158,0,18.0,0,0.0,0,0.0,0,0.0,0,0.0,-0.05306237041950226
176,0.15,1,0.1186596155166626,0.030334389209747313,0.6452395915985107,0.18604623079299926,0.21957260370254517,0.035781693458557126,0,0.0,0,0.0,1,1.0,1,1.0,1,1.0,0.08832522630691528
278,0.15,1,0.012811660766601562,0.012635290622711182,0.37315165996551514,0.20033482313156128,0.09479129314422607,0.05015911459922791,0,0.0,0,0.0,1,1.0,1,1.0,1,1.0,0.00017637014389038086
585,0.15,1,0.1833830326795578,0.09110040962696075,0.43663448095321655,0.26726367473602297,0.1937595009803772,0.1037278413772583,0,0.0,0,0.0,1,1.0,1,1.0,1,1.0,0.09228262305259705
475,0.15,1,0.14219707250595093,0.05828976035118103,0.45704132318496704,0.2985511660575867,0.24034547805786133,0.13436306715011598,0,0.0,0,0.0,1,1.0,1,1.0,1,1.0,0.0839073121547699
467,0.15,1,0.05185967683792114,0.05741127729415894,0.37500572204589844,0.22186675071716308,0.18742233514785767,0.1448955774307251,0,0.0,0,0.0,1,1.0,1,1.0,1,1.0,-0.005551600456237794
515,0.15,1,0.09658966958522797,0.04945673048496246,0.5273878574371338,0.2777105808258057,0.2084149420261383,0.11547068357467652,0,0.0,0,0.0,1,1.0,1,1.0,1,1.0,0.0471329391002655
731,0.15,1,0.05185723304748535,0.01237177848815918,0.4418033957481384,0.17949095964431763,0.0672924816608429,0.011023128032684326,0,0.0,0,0.0,1,1.0,1,1.0,1,1.0,0.03948545455932617
360,0.15,1,0.0814727246761322,0.04273559451103211,0.5005201697349548,0.28085123300552367,0.23261615633964539,0.11965279579162598,0,0.0,0,0.0,1,1.0,1,1.0,1,1.0,0.038737130165100095
371,0.15,1,0.08765305578708649,0.05632263123989105,0.4134010076522827,0.2675121188163757,0.16447097063064575,0.11437997817993165,0,0.0,0,0.0,1,1.0,1,1.0,1,1.0,0.03133042454719544
579,0.15,1,0.2728547602891922,0.11879533529281616,0.5084604024887085,0.21861459016799928,0.25457632541656494,0.12390854358673095,0,0.0,0,0.0,1,1.0,1,1.0,1,1.0,0.15405942499637604
560,0.15,1,0.06720021367073059,-0.005752593278884888,0.3985706567764282,0.25032590627670287,0.15182089805603027,0.0727696180343628,0,0.0,0,0.0,1,1.0,1,1.0,1,1.0,0.07295280694961548
151,0.15,1,-0.0130043625831604,0.02564174234867096,0.29205596446990967,0.19294286966323854,0.03313577175140381,0.03453227877616882,0,0.0,0,0.0,1,1.0,1,1.0,1,1.0,-0.03864610493183136
261,0.15,1,0.06754350662231445,0.05607593059539795,0.2142016887664795,0.09066901206970215,0.12593817710876465,0.0570888876914978,0,0.0,0,0.0,1,1.0,1,1.0,1,1.0,0.011467576026916504
625,0.15,1,0.10092580318450928,0.023372501134872437,0.36557453870773315,0.20809693336486818,0.10833801329135895,0.037958309054374695,4,0.4,1,0.2,0,0.8,1,1.0,1,1.0,0.07755330204963684
328,0.15,1,0.0853433609008789,0.02838241755962372,0.38157224655151367,0.10824409723281861,0.08667132258415222,0.0327120840549469,0,0.0,0,0.0,1,1.0,1,1.0,1,1.0,0.05696094334125519
165,0.15,55,-0.05805891752243042,-0.02854299545288086,0.38836371898651123,0.194855797290802,0.00832509994506836,0.002064436674118042,-30,-17.0,0,0.0,0,0.0,0,0.0,0,0.0,-0.02951592206954956
563,0.15,1,0.10883554816246033,0.05099611878395081,0.5466873049736023,0.32205140590667725,0.20014819502830505,0.09637486338615417,0,0.0,0,0.0,1,1.0,1,1.0,1,1.0,0.05783942937850952
552,0.15,1,0.09940579533576965,0.04495877623558044,0.31468284130096436,0.15211670398712157,0.14366424083709717,0.06798009276390075,0,0.0,0,0.0,1,1.0,1,1.0,1,1.0,0.05444701910018921
304,0.15,1,0.11162000894546509,0.046026182174682614,0.549919068813324,0.21369158029556273,0.2644369602203369,0.11153459548950195,0,0.0,0,0.0,1,1.0,1,1.0,1,1.0,0.06559382677078247
69,0.15,1,0.04570901393890381,0.035727912187576295,0.27586829662323,0.17292133569717408,0.09216082096099854,0.04098703265190125,0,0.0,0,0.0,1,1.0,1,1.0,1,1.0,0.009981101751327513
366,0.15,1,0.05328494310379028,0.0307428777217865,0.4265824556350708,0.27956011295318606,0.17232650518417358,0.09253448247909546,0,0.0,0,0.0,1,1.0,1,1.0,1,1.0,0.022542065382003783
23,0.15,1,0.06679826974868774,0.005358797311782837,0.3840155601501465,0.10607705116271973,0.12539884448051453,0.03755761981010437,0,0.0,0,0.0,1,1.0,1,1.0,1,1.0,0.06143947243690491
524,0.15,1,0.00761491060256958,0.00843319296836853,0.42801880836486816,0.17500584125518798,0.027763575315475464,0.033978402614593506,0,0.0,0,0.0,1,1.0,1,1.0,1,1.0,-0.0008182823657989502
422,0.15,1,0.12514010071754456,0.015912353992462158,0.3649228811264038,0.12866508960723877,0.23064643144607544,0.09689549207687378,0,0.0,0,0.0,1,1.0,1,1.0,1,1.0,0.1092277467250824
726,0.15,2,0.0065129101276397705,-0.017343586683273314,0.49417591094970703,0.35161298513412476,0.2212449312210083,0.1454807162284851,120,13.4,0,0.0,0,0.0,0,0.6,0,0.6,0.023856496810913085
246,0.15,1,0.008930444717407227,0.013045448064804076,0.3679860830307007,0.28427034616470337,0.23436027765274048,0.18019555807113646,0,0.2,0,0.2,1,0.8,1,1.0,1,1.0,-0.00411500334739685
97,0.15,1,0.12085974216461182,0.03586151003837586,0.4657517671585083,0.17717292308807372,0.21035468578338623,0.08395883440971375,1,0.2,1,0.2,0,0.8,1,1.0,1,1.0,0.08499823212623596
16,0.15,1,0.09185373783111572,0.06066657900810242,0.30909669399261475,0.17205100059509276,0.11513197422027588,0.061496925354003903,0,0.0,0,0.0,1,1.0,1,1.0,1,1.0,0.031187158823013303
723,0.15,1,-0.03497868776321411,0.03140327632427216,0.4371824264526367,0.2402583122253418,0.03246238827705383,0.07591251730918884,0,0.0,0,0.0,1,1.0,1,1.0,1,1.0,-0.06638196408748627
250,0.2,1,0.03679174184799194,0.011834543943405152,0.46324706077575684,0.22263610363006592,0.1140337586402893,0.05718901753425598,0,0.0,0,0.0,1,1.0,1,1.0,1,1.0,0.02495719790458679
190,0.2,1,0.07295301556587219,0.024915045499801634,0.5261552333831787,0.218148672580719,0.3057938516139984,0.1128699779510498,0,0.0,0,0.0,1,1.0,1,1.0,1,1.0,0.04803797006607056
505,0.2,1,0.13246142864227295,0.04807483553886414,0.4275684952735901,0.23615570068359376,0.13572239875793457,0.08119130730628968,5,1.4,1,0.4,0,0.6,0,0.8,1,1.0,0.08438659310340882
486,0.2,1,0.15159183740615845,0.03471161127090454,0.6437147855758667,0.35277111530303956,0.17642316222190857,0.10129907727241516,33,1.8,1,0.4,0,0.6,0,0.8,0,1.0,0.11688022613525391
72,0.2,1,0.11969965696334839,0.008610177040100097,0.4281826615333557,0.10846705436706543,0.20387345552444458,0.0321885347366333,0,0.0,0,0.0,1,1.0,1,1.0,1,1.0,0.11108947992324829
222,0.2,1,0.04062971472740173,0.028144291043281554,0.5159013271331787,0.2981584668159485,0.07786044478416443,0.05658338665962219,0,0.0,0,0.0,1,1.0,1,1.0,1,1.0,0.01248542368412018
42,0.2,1,0.11774629354476929,0.035378885269165036,0.3456568717956543,0.19633198976516725,0.09417340159416199,0.0503328800201416,0,0.0,0,0.0,1,1.0,1,1.0,1,1.0,0.08236740827560425
59,0.2,1,0.058284878730773926,0.0626928448677063,0.39230358600616455,0.15041007995605468,0.22711703181266785,0.09949785470962524,0,0.0,0,0.0,1,1.0,1,1.0,1,1.0,-0.0044079661369323675
598,0.2,1,0.21260406076908112,0.14877780377864838,0.5606244206428528,0.3527770757675171,0.24602967500686646,0.15207477211952208,0,0.0,0,0.0,1,1.0,1,1.0,1,1.0,0.06382625699043273
136,0.2,1,0.07780948281288147,0.05308717787265778,0.4623793363571167,0.35295199155807494,0.13488879799842834,0.11180182993412018,0,0.0,0,0.0,1,1.0,1,1.0,1,1.0,0.02472230494022369
686,0.2,1,0.2978314310312271,0.11288496255874633,0.737058162689209,0.26132361888885497,0.3540150672197342,0.12247052192687988,20,0.0,1,0.0,0,1.0,0,1.0,0,1.0,0.18494646847248078
567,0.2,1,0.09285673499107361,0.04281960725784302,0.5351410508155823,0.20866159200668336,0.29682931303977966,0.10884405374526977,0,0.0,0,0.0,1,1.0,1,1.0,1,1.0,0.05003712773323059
343,0.2,1,0.1087360680103302,0.13511616587638856,0.35574090480804443,0.3296313524246216,0.15438932180404663,0.14593132138252257,0,0.0,0,0.0,1,1.0,1,1.0,1,1.0,-0.026380097866058355
482,0.2,1,0.06785154342651367,0.030981671810150147,0.44392991065979004,0.23214256763458252,0.16155576705932617,0.07712337970733643,0,0.0,0,0.0,1,1.0,1,1.0,1,1.0,0.03686987161636353
689,0.2,1,0.07932302355766296,0.033597880601882936,0.47830796241760254,0.24131697416305542,0.2211335301399231,0.1157858669757843,0,0.0,0,0.0,1,1.0,1,1.0,1,1.0,0.04572514295578003
129,0.2,1,0.04347845911979675,0.04536016583442688,0.49868714809417725,0.2809009313583374,0.07652691006660461,0.06537758708000183,0,0.4,0,0.2,1,0.8,1,1.0,1,1.0,-0.0018817067146301297
334,0.2,1,0.14829787611961365,0.07522915005683899,0.5375003814697266,0.26835795640945437,0.2683521509170532,0.1307511568069458,0,0.0,0,0.0,1,1.0,1,1.0,1,1.0,0.07306872606277466
242,0.2,1,0.014974206686019897,-0.0051741361618041996,0.5597670674324036,0.3940766453742981,0.18370968103408813,0.12433541417121888,1,0.4,1,0.2,0,0.8,1,1.0,1,1.0,0.020148342847824095
211,0.2,1,0.15350180864334106,0.08493492603302003,0.450287401676178,0.3061423063278198,0.188129723072052,0.12493548989295959,0,0.0,0,0.0,1,1.0,1,1.0,1,1.0,0.06856688261032104
315,0.2,18,0.023800283670425415,-0.010553461313247681,0.17258405685424805,0.1177966833114624,-0.01324358582496643,0.006503301858901978,0,-0.2,0,0.0,0,0.0,0,0.0,0,0.0,0.03435374498367309
332,0.2,1,0.041623473167419434,0.04487286806106568,0.41822147369384766,0.34132070541381837,0.02837449312210083,0.029353386163711546,0,0.0,0,0.0,1,1.0,1,1.0,1,1.0,-0.003249394893646243
544,0.2,1,0.248233824968338,0.15980033278465272,0.48588860034942627,0.30994648933410646,0.2736499309539795,0.15311039090156556,0,0.0,0,0.0,1,1.0,1,1.0,1,1.0,0.08843349218368529
43,0.2,1,0.09369039535522461,0.060078009963035583,0.38939154148101807,0.26208215951919556,0.10885190963745117,0.0763613760471344,0,0.0,0,0.0,1,1.0,1,1.0,1,1.0,0.033612385392189026
36,0.2,1,0.09100136160850525,0.020631849765777588,0.4460737705230713,0.20034677982330323,0.23019754886627197,0.10261055827140808,3,0.4,1,0.2,0,0.8,1,1.0,1,1.0,0.07036951184272766
245,0.2,1,0.27175605297088623,0.050415915250778195,0.4737069606781006,0.14622396230697632,0.28062957525253296,0.07907251715660095,0,0.0,0,0.0,1,1.0,1,1.0,1,1.0,0.22134013772010802
624,0.2,1,0.08398345112800598,0.04303615689277649,0.3670216202735901,0.17291736602783203,0.10597208142280579,0.03935953378677368,0,0.0,0,0.0,1,1.0,1,1.0,1,1.0,0.04094729423522949
163,0.2,2,-0.010066300630569458,-0.015313243865966797,0.5937578082084656,0.274405312538147,0.056336551904678345,0.011847496032714844,-1,-1.0,0,0.0,1,1.0,1,1.0,1,1.0,0.005246943235397339
307,0.2,1,0.11203670501708984,0.11702447831630707,0.5640580058097839,0.37861318588256837,0.1337023228406906,0.1165090799331665,0,0.0,0,0.0,1,1.0,1,1.0,1,1.0,-0.004987773299217221
525,0.2,1,0.21016263961791992,0.10167230367660522,0.4159831404685974,0.2347452759742737,0.2251465916633606,0.0984494686126709,0,0.0,0,0.0,1,1.0,1,1.0,1,1.0,0.1084903359413147
512,0.2,1,0.08084651827812195,0.07314143478870391,0.43137645721435547,0.3435068249702454,0.13472986221313477,0.13682492971420288,0,0.0,0,0.0,1,1.0,1,1.0,1,1.0,0.007705083489418035
720,0.2,1,0.062495023012161255,0.045857024192810056,0.5275449752807617,0.26724470853805543,0.15361854434013367,0.07977085113525391,0,0.0,0,0.0,1,1.0,1,1.0,1,1.0,0.0166379988193512
437,0.2,1,0.25753816962242126,0.09200454652309417,0.5849695801734924,0.23520355224609374,0.26506078243255615,0.10206155180931091,0,0.0,0,0.0,1,1.0,1,1.0,1,1.0,0.1655336230993271
258,0.2,1,0.09218499064445496,0.08712176382541656,0.47996985912323,0.36173573732376096,0.1335712969303131,0.11580053269863129,7,40.6,1,0.8,0,0.2,0,0.4,1,0.4,0.005063226819038397
249,0.2,1,-0.02346208691596985,-0.018804609775543213,0.5051319003105164,0.32324579954147337,0.20513370633125305,0.13954370617866516,0,0.4,0,0.2,1,0.8,1,1.0,1,1.0,-0.004657477140426636
476,0.2,1,-0.04270678758621216,-0.01786482334136963,0.42442142963409424,0.2673498749732971,0.09755825996398926,0.08717455267906189,0,0.0,0,0.0,1,1.0,1,1.0,1,1.0,-0.02484196424484253
18,0.2,1,0.0907621681690216,0.030433738231658937,0.41536766290664673,0.2786575436592102,0.12116524577140808,0.08461729288101197,0,0.0,0,0.0,1,1.0,1,1.0,1,1.0,0.06032842993736267
358,0.2,1,0.12044557929039001,0.09265086948871612,0.46349769830703735,0.30720248222351076,0.143143892288208,0.10349223017692566,0,0.0,0,0.0,1,1.0,1,1.0,1,1.0,0.027794709801673895
670,0.2,1,0.12500661611557007,0.01041085720062256,0.6471297740936279,0.03955932855606079,0.3529750108718872,0.010648930072784423,2,0.0,1,0.0,0,1.0,1,1.0,1,1.0,0.11459575891494751
210,0.2,1,0.1591210812330246,0.07372593581676483,0.5702643394470215,0.2585497617721558,0.29825711250305176,0.14277966618537902,0,0.0,0,0.0,1,1.0,1,1.0,1,1.0,0.08539514541625977
549,0.2,1,0.1546594649553299,0.0806033432483673,0.529218316078186,0.261095130443573,0.19027462601661682,0.09539039134979248,0,0.0,0,0.0,1,1.0,1,1.0,1,1.0,0.07405612170696259
511,0.2,1,0.10766366124153137,-0.009601420164108277,0.5904171466827393,0.3278920531272888,0.3042456805706024,0.15103392601013182,2,0.0,1,0.0,0,1.0,1,1.0,1,1.0,0.11726508140563965
473,0.2,1,0.2373170256614685,0.10803504288196564,0.6205906271934509,0.29465737342834475,0.30120649933815,0.13764941096305847,0,0.0,0,0.0,1,1.0,1,1.0,1,1.0,0.12928198277950287
608,0.2,1,0.2935187965631485,0.18222618401050567,0.5149068832397461,0.4035354495048523,0.3207002282142639,0.23100438714027405,0,0.0,0,0.0,1,1.0,1,1.0,1,1.0,0.11129261255264283
409,0.2,1,0.1452936828136444,0.06216009259223938,0.47457003593444824,0.18666006326675416,0.12196537852287292,0.05867593288421631,0,0.0,0,0.0,1,1.0,1,1.0,1,1.0,0.08313359022140503
429,0.2,1,0.122433602809906,0.059879916906356814,0.4935866594314575,0.32837423086166384,0.16035422682762146,0.09253126978874207,0,0.0,0,0.0,1,1.0,1,1.0,1,1.0,0.06255368590354919
550,0.2,1,0.2842920124530792,0.10811444520950317,0.5769181847572327,0.2822901725769043,0.30959948897361755,0.12839784026145934,0,0.0,0,0.0,1,1.0,1,1.0,1,1.0,0.17617756724357606
275,0.2,1,0.13454918563365936,0.061152327060699466,0.5271615982055664,0.2396798014640808,0.20364204049110413,0.09169407486915589,0,0.0,0,0.0,1,1.0,1,1.0,1,1.0,0.0733968585729599
613,0.2,1,0.1130501925945282,0.0681381106376648,0.4925178289413452,0.32559393644332885,0.20101329684257507,0.12403621673583984,7,3.4,1,0.6,0,0.4,0,0.6,1,1.0,0.0449120819568634
509,0.2,3,-0.05312103033065796,-0.05871635675430298,0.49096643924713135,0.3227804183959961,0.1012745201587677,0.03199083805084228,-2,-1.8,0,0.0,1,0.8,1,1.0,1,1.0,0.0055953264236450195
37,0.2,1,0.1748276948928833,0.06332375109195709,0.3648698329925537,0.22137538194656373,0.12283357977867126,0.07250089645385742,0,0.0,0,0.0,1,1.0,1,1.0,1,1.0,0.11150394380092621
514,0.2,1,0.019911974668502808,0.01636936068534851,0.24469399452209473,0.16625360250473023,0.02050560712814331,0.012491464614868164,0,0.0,0,0.0,1,1.0,1,1.0,1,1.0,0.0035426139831542976
268,0.2,1,-0.004617214202880859,-0.0008109986782073974,0.4920504093170166,0.2927076816558838,0.13093018531799316,0.07145179510116577,0,0.0,0,0.0,1,1.0,1,1.0,1,1.0,-0.0038062155246734617
198,0.2,1,0.18029749393463135,0.10947831273078919,0.5409426689147949,0.3574409008026123,0.2587997317314148,0.18852469325065613,0,0.0,0,0.0,1,1.0,1,1.0,1,1.0,0.07081918120384216
207,0.2,1,0.10773593187332153,0.04018757343292236,0.5021084547042847,0.2746151924133301,0.2570822834968567,0.10291905403137207,0,0.0,0,0.0,1,1.0,1,1.0,1,1.0,0.06754835844039916
454,0.2,1,0.04825630784034729,0.040353381633758546,0.37600982189178467,0.28828721046447753,0.08924227952957153,0.08841423392295837,0,0.0,0,0.0,1,1.0,1,1.0,1,1.0,0.007902926206588744
502,0.2,1,0.12006880342960358,0.06877208352088929,0.4931223392486572,0.3132217288017273,0.19001814723014832,0.11051170825958252,0,0.0,0,0.0,1,1.0,1,1.0,1,1.0,0.05129671990871429
497,0.2,1,0.1720668524503708,0.060796788334846495,0.47002947330474854,0.30419886112213135,0.21485495567321777,0.09461958408355713,0,0.0,0,0.0,1,1.0,1,1.0,1,1.0,0.11127006411552429
592,0.2,1,0.05843168497085571,0.02759031653404236,0.44792139530181885,0.31976890563964844,0.18402308225631714,0.14878308176994323,1,0.4,1,0.4,0,0.6,1,1.0,1,1.0,0.030841368436813354
105,0.2,1,0.059667885303497314,0.020137321949005128,0.5497133135795593,0.25619733333587646,0.22931507229804993,0.1043581485748291,0,0.0,0,0.0,1,1.0,1,1.0,1,1.0,0.03953056335449219
119,0.2,1,0.13668125867843628,0.0640089213848114,0.48220688104629517,0.2958353042602539,0.17820584774017334,0.09025774002075196,0,0.0,0,0.0,1,1.0,1,1.0,1,1.0,0.07267233729362488
633,0.2,1,0.3486109673976898,0.12543798685073854,0.5670138597488403,0.21529128551483154,0.3654991388320923,0.12526423931121827,0,0.0,0,0.0,1,1.0,1,1.0,1,1.0,0.22317298054695128
266,0.2,1,0.11163455247879028,0.03581916093826294,0.6207166910171509,0.24118868112564087,0.28326401114463806,0.09329590201377869,0,0.0,0,0.0,1,1.0,1,1.0,1,1.0,0.07581539154052734
674,0.2,1,0.3029828667640686,0.08880131244659424,0.5603213906288147,0.24649606943130492,0.3428647816181183,0.10557631850242614,1,0.0,1,0.0,0,1.0,1,1.0,1,1.0,0.21418155431747438
394,0.2,1,0.12211859226226807,0.0764536052942276,0.5365917086601257,0.3763473391532898,0.26891690492630005,0.16929990649223328,0,0.0,0,0.0,1,1.0,1,1.0,1,1.0,0.04566498696804047
616,0.2,1,0.10035517811775208,0.05393433272838592,0.5226930379867554,0.24949678182601928,0.1821897029876709,0.07842329740524293,0,0.0,0,0.0,1,1.0,1,1.0,1,1.0,0.04642084538936615
112,0.2,1,0.07447341084480286,0.0974021703004837,0.5262280106544495,0.3714867949485779,0.2131490409374237,0.1556309223175049,0,0.0,0,0.0,1,1.0,1,1.0,1,1.0,-0.022928759455680847
397,0.2,1,0.03856462240219116,0.0043939948081970215,0.5344834327697754,0.13618683815002441,0.17025676369667053,0.033080071210861206,0,0.0,0,0.0,1,1.0,1,1.0,1,1.0,0.03417062759399414
464,0.2,1,0.24663527309894562,0.04024040997028351,0.656309962272644,0.16517963409423828,0.2513055205345154,0.03521617650985718,0,0.0,0,0.0,1,1.0,1,1.0,1,1.0,0.20639486312866212
693,0.2,1,0.059702008962631226,0.042051786184310914,0.5573508143424988,0.26532918214797974,0.22366860508918762,0.11237887144088746,2,0.8,1,0.4,0,0.6,1,1.0,1,1.0,0.01765022277832031
349,0.2,1,0.15372855961322784,0.06415331363677979,0.6058652997016907,0.21517962217330933,0.33874374628067017,0.11859170794486999,0,0.0,0,0.0,1,1.0,1,1.0,1,1.0,0.08957524597644806
487,0.2,1,0.2462424784898758,0.07247368097305298,0.6134216785430908,0.22874487638473512,0.26016855239868164,0.0914194107055664,0,0.0,0,0.0,1,1.0,1,1.0,1,1.0,0.1737687975168228
733,0.2,1,0.07498082518577576,0.057096564769744874,0.3661896586418152,0.24485864639282226,0.14029252529144287,0.1036527395248413,0,0.0,0,0.0,1,1.0,1,1.0,1,1.0,0.017884260416030882
471,0.2,20,0.028841570019721985,0.015922239422798155,0.5283100605010986,0.2637930750846863,0.03992880880832672,0.03011642098426819,49,30.0,0,0.0,0,0.0,0,0.2,0,0.2,0.01291933059692383
687,0.2,1,0.18099460005760193,0.08746186494827271,0.5733399987220764,0.31018993854522703,0.3432401716709137,0.16447948217391967,0,0.0,0,0.0,1,1.0,1,1.0,1,1.0,0.09353273510932922
253,0.2,1,0.10672512650489807,0.057859891653060914,0.4760743975639343,0.37413989305496215,0.22850745916366577,0.19036781787872314,0,0.0,0,0.0,1,1.0,1,1.0,1,1.0,0.04886523485183716
333,0.2,1,0.13433629274368286,0.07884470224380494,0.5806592702865601,0.3519077658653259,0.2374265193939209,0.14683980345726014,0,0.0,0,0.0,1,1.0,1,1.0,1,1.0,0.055491590499877924
34,0.2,67,0.034526482224464417,-0.009411735832691193,0.587152361869812,0.33367869853973386,0.06634420156478882,0.013497577607631683,540,116.2,0,0.0,0,0.0,0,0.0,0,0.2,0.04393821805715561
290,0.2,1,-0.033331483602523804,-0.02747931480407715,0.43381190299987793,0.2798126220703125,0.08648735284805298,0.05884465575218201,0,0.0,0,0.0,1,1.0,1,1.0,1,1.0,-0.005852168798446654
110,0.2,1,0.02893003821372986,0.021531236171722413,0.31811344623565674,0.1825617790222168,0.14318370819091797,0.09620885848999024,0,0.0,0,0.0,1,1.0,1,1.0,1,1.0,0.007398802042007446
301,0.2,1,0.05541522800922394,0.02588981091976166,0.4405551552772522,0.30452861785888674,0.14794501662254333,0.08515064716339112,0,0.0,0,0.0,1,1.0,1,1.0,1,1.0,0.02952541708946228
489,0.2,1,0.27365362644195557,0.19471182823181152,0.5081442594528198,0.3855116605758667,0.32469505071640015,0.23312642574310302,0,0.0,0,0.0,1,1.0,1,1.0,1,1.0,0.07894179821014405
154,0.2,1,0.03735494613647461,0.04713853299617767,0.46594899892807007,0.3829282283782959,0.10776004195213318,0.10745954811573029,0,0.0,0,0.0,1,1.0,1,1.0,1,1.0,-0.009783586859703063
481,0.2,1,0.0964265912771225,0.07514128684997559,0.37642019987106323,0.3518725514411926,0.16122624278068542,0.13586398363113403,0,0.0,0,0.0,1,1.0,1,1.0,1,1.0,0.021285304427146906
602,0.2,9,0.09460568428039551,0.07697958648204803,0.40784287452697754,0.30498305559158323,0.06806224584579468,0.06595990508794784,356,447.4,0,0.0,0,0.0,0,0.0,0,0.0,0.01762609779834748
48,0.2,1,0.19356009364128113,0.14503580927848816,0.439744770526886,0.3958869457244873,0.18013298511505127,0.14843689203262328,0,0.0,0,0.0,1,1.0,1,1.0,1,1.0,0.04852428436279296
192,0.2,1,0.04340396821498871,0.02165270149707794,0.45076751708984375,0.3977469801902771,0.04491913318634033,0.035300064086914065,5,1.8,1,0.8,0,0.2,0,1.0,1,1.0,0.021751266717910767
576,0.2,1,0.0711800754070282,0.038447409868240356,0.450619637966156,0.3584513902664185,0.18306848406791687,0.12302345633506775,1,0.6,1,0.6,0,0.4,1,1.0,1,1.0,0.03273266553878784
350,0.2,1,0.14509156346321106,0.10141709744930268,0.6014856696128845,0.4400235414505005,0.33278217911720276,0.22670680284500122,0,0.0,0,0.0,1,1.0,1,1.0,1,1.0,0.04367446601390838
527,0.2,1,0.03929561376571655,0.019554251432418825,0.4907646179199219,0.2482462763786316,0.10940372943878174,0.06664642095565795,0,0.0,0,0.0,1,1.0,1,1.0,1,1.0,0.019741362333297728
152,0.2,1,0.049419522285461426,0.05691485404968262,0.4838430881500244,0.22369258403778075,0.20735740661621094,0.08172245621681214,0,0.0,0,0.0,1,1.0,1,1.0,1,1.0,-0.007495331764221194
66,0.2,3,-0.08565494418144226,-0.00011353194713592529,0.422299861907959,0.23789628744125366,0.03574490547180176,0.050463694334030154,-2,-0.4,0,0.0,1,0.0,1,1.0,1,1.0,-0.08554141223430634
355,0.2,1,0.033953309059143066,0.027304011583328246,0.5301120281219482,0.3023799777030945,0.22667592763900757,0.12361548542976379,0,0.0,0,0.0,1,1.0,1,1.0,1,1.0,0.00664929747581482
589,0.2,1,0.1675538569688797,0.1118236780166626,0.6231850385665894,0.3837561130523682,0.24870431423187256,0.14409701228141786,0,0.0,0,0.0,1,1.0,1,1.0,1,1.0,0.0557301789522171
241,0.2,18,-0.04672035574913025,-0.026585456728935242,0.48757052421569824,0.30893059968948366,0.08606857061386108,0.04848894774913788,-4,-0.6,0,0.0,0,0.0,0,0.0,0,0.0,-0.020134899020195007
234,0.2,1,0.11494727432727814,0.080626580119133,0.6036883592605591,0.5401214957237244,0.1741374433040619,0.15503396987915039,0,0.0,0,0.0,1,1.0,1,1.0,1,1.0,0.03432069420814514
542,0.2,1,0.1522858738899231,-0.0018724232912063598,0.5843608379364014,0.09545516967773438,0.15357261896133423,0.02038390636444092,1,0.0,1,0.0,0,1.0,1,1.0,1,1.0,0.15415829718112944
22,0.2,1,0.12147584557533264,0.11306310892105102,0.5224456787109375,0.4493501901626587,0.2054990530014038,0.1873587489128113,0,0.0,0,0.0,1,1.0,1,1.0,1,1.0,0.008412736654281619
474,0.2,1,0.2120969295501709,0.060302698612213136,0.45433759689331055,0.21660269498825074,0.2751097083091736,0.11235336065292359,0,0.0,0,0.0,1,1.0,1,1.0,1,1.0,0.15179423093795777
658,0.2,1,0.1926994025707245,0.08338419198989869,0.44120532274246216,0.24090369939804077,0.25868886709213257,0.10533444881439209,0,0.0,0,0.0,1,1.0,1,1.0,1,1.0,0.1093152105808258
313,0.2,1,0.08513133227825165,0.04828697443008423,0.4190257787704468,0.29764710664749144,0.1216522604227066,0.08036986589431763,4,0.6,1,0.2,0,0.8,1,1.0,1,1.0,0.03684435784816742
341,0.2,1,0.0884680449962616,0.04681599140167236,0.2717616558074951,0.19516775608062745,0.0790092945098877,0.052036941051483154,0,0.0,0,0.0,1,1.0,1,1.0,1,1.0,0.04165205359458923
411,0.2,1,0.017748072743415833,0.0008840680122375489,0.41640496253967285,0.26552661657333376,0.10050743818283081,0.040072867274284364,1,0.6,1,0.4,0,0.6,1,1.0,1,1.0,0.016864004731178283
237,0.2,13088,0.002891749143600464,0.026166045665740968,0.43293219804763794,0.3547093391418457,0.0035327861551195383,0.006351211713626981,1229,1190.8,0,0.0,0,0.0,0,0.0,0,0.0,-0.023274296522140504
620,0.2,1,0.14506655931472778,0.07108388841152191,0.5596395134925842,0.2233240246772766,0.20713165402412415,0.06989533007144928,0,1.4,0,0.2,1,0.8,1,0.8,1,1.0,0.07398267090320587
346,0.2,1,0.12715697288513184,0.06638640761375428,0.4197259545326233,0.25726369619369505,0.18897444009780884,0.10578844547271729,0,0.0,0,0.0,1,1.0,1,1.0,1,1.0,0.06077056527137756
339,0.2,8,-0.02396753430366516,0.0058731257915496824,0.3531911373138428,0.19170092344284057,-0.009337931871414185,0.016370588541030885,-7,28.6,0,0.0,1,0.2,1,0.4,1,0.4,-0.029840660095214844
536,0.2,1,0.1702616810798645,0.05028843581676483,0.5597970485687256,0.2625554919242859,0.248024120926857,0.07833164930343628,0,0.0,0,0.0,1,1.0,1,1.0,1,1.0,0.11997324526309967
690,0.2,2,-0.035038381814956665,-0.009474986791610717,0.44699954986572266,0.3665927529335022,0.08636048436164856,0.09285487532615662,-1,-0.8,0,0.0,1,0.8,1,1.0,1,1.0,-0.025563395023345946
556,0.2,1,0.18645747005939484,0.15354714691638946,0.529025673866272,0.42203918695449827,0.24530845880508423,0.19444033205509187,0,0.4,0,0.4,1,0.6,1,1.0,1,1.0,0.03291032314300538
586,0.2,1,0.2628580331802368,0.1467693865299225,0.4237247109413147,0.22111899852752687,0.2998389005661011,0.14434794187545777,0,0.0,0,0.0,1,1.0,1,1.0,1,1.0,0.11608864665031432
491,0.2,1,0.22561557590961456,0.04787164330482483,0.573220431804657,0.2890544295310974,0.2224874645471573,0.08279938697814941,271,3.8,1,0.2,0,0.8,0,0.8,0,0.8,0.17774393260478974
713,0.2,1,0.09609638154506683,0.059215816855430606,0.5035719275474548,0.27153117656707765,0.20056545734405518,0.12159429788589478,0,0.0,0,0.0,1,1.0,1,1.0,1,1.0,0.03688056468963623
587,0.2,1,0.04244956374168396,0.04844586849212647,0.44209229946136475,0.3259261131286621,0.08009731769561768,0.06667763590812684,0,0.0,0,0.0,1,1.0,1,1.0,1,1.0,-0.005996304750442508
337,0.2,1,0.026425272226333618,0.015038180351257324,0.5440269708633423,0.18716032505035402,0.24571332335472107,0.07719136476516723,0,0.0,0,0.0,1,1.0,1,1.0,1,1.0,0.011387091875076295
213,0.2,1,0.11968362331390381,0.04816782474517822,0.6752463579177856,0.24996399879455566,0.45013827085494995,0.15583958625793456,0,0.0,0,0.0,1,1.0,1,1.0,1,1.0,0.07151579856872559
447,0.2,1,-0.03804764151573181,-0.009182167053222657,0.5167811512947083,0.3949371099472046,0.09132623672485352,0.06065803170204163,0,1.2,0,0.4,1,0.6,1,0.8,1,1.0,-0.028865474462509155
173,0.2,1,0.016956552863121033,0.003960269689559937,0.42248010635375977,0.17801958322525024,0.09253600239753723,0.01080702543258667,0,0.0,0,0.0,1,1.0,1,1.0,1,1.0,0.012996283173561097
189,0.2,1,0.0713004469871521,0.03008353114128113,0.5594601035118103,0.24654825925827026,0.2187187671661377,0.08531078100204467,0,0.0,0,0.0,1,1.0,1,1.0,1,1.0,0.04121691584587097
500,0.2,1,-0.00340154767036438,0.02518514096736908,0.4110851287841797,0.25034327507019044,0.09461453557014465,0.06735950708389282,0,1.2,0,0.6,1,0.4,1,1.0,1,1.0,-0.02858668863773346
305,0.2,1,0.04786653816699982,0.0023323208093643188,0.5980963110923767,0.25813530683517455,0.14744900166988373,0.05039380788803101,0,0.0,0,0.0,1,1.0,1,1.0,1,1.0,0.0455342173576355
104,0.2,1,0.02326682209968567,0.023250436782836913,0.48187100887298584,0.33377490043640134,0.11803516745567322,0.06623835563659668,0,0.0,0,0.0,1,1.0,1,1.0,1,1.0,1.638531684875627e-05
357,0.2,1,0.21892336010932922,0.038617977499961854,0.5744410753250122,0.2265183925628662,0.22196361422538757,0.05659868717193604,0,0.0,0,0.0,1,1.0,1,1.0,1,1.0,0.18030538260936738
606,0.2,1,0.08034718036651611,0.04308439493179321,0.6104505658149719,0.3889435648918152,0.23785990476608276,0.15422953963279723,0,0.0,0,0.0,1,1.0,1,1.0,1,1.0,0.0372627854347229
424,0.2,1,0.10734227299690247,0.043673154711723325,0.43891996145248413,0.23603066205978393,0.08084432780742645,0.03066633641719818,1,0.0,1,0.0,0,1.0,1,1.0,1,1.0,0.06366911828517914
142,0.2,1,0.15786179900169373,0.11115115284919738,0.501235842704773,0.30867106914520265,0.29624640941619873,0.17721548080444335,0,0.0,0,0.0,1,1.0,1,1.0,1,1.0,0.04671064615249634
519,0.2,3,-0.0273343026638031,-0.012270122766494751,0.5169893503189087,0.37392029762268064,0.10742348432540894,0.08359926342964172,-2,-0.8,0,0.0,1,0.4,1,1.0,1,1.0,-0.01506417989730835
654,0.2,1,0.021403446793556213,0.03465475142002106,0.41109609603881836,0.21111781597137452,-0.0007649064064025879,0.028544527292251588,0,0.0,0,0.0,1,1.0,1,1.0,1,1.0,-0.013251304626464844
302,0.2,1,0.05690792202949524,0.04502798914909363,0.430328369140625,0.3546112060546875,0.253078430891037,0.2104598820209503,1,0.6,1,0.6,0,0.4,1,1.0,1,1.0,0.011879932880401609
561,0.2,12,-0.19439199566841125,-0.09294707775115967,0.42504048347473145,0.2681858062744141,0.030428677797317505,0.025094825029373168,-7,-4.8,0,0.0,0,0.0,1,0.2,1,1.0,-0.10144491791725159
336,0.2,2,-0.010102465748786926,0.0033089339733123778,0.5789375305175781,0.2899883508682251,0.14871150255203247,0.06397835910320282,4,0.8,0,0.0,0,0.0,0,1.0,1,1.0,-0.013411399722099305
574,0.2,1,0.10770963132381439,0.07931810021400451,0.6553980112075806,0.4919209122657776,0.18340054154396057,0.1332996219396591,0,0.0,0,0.0,1,1.0,1,1.0,1,1.0,0.02839153110980988
516,0.2,1,0.10496217012405396,0.02628219723701477,0.5558101534843445,0.19580464363098143,0.2013012170791626,0.07334673404693604,0,0.0,0,0.0,1,1.0,1,1.0,1,1.0,0.07867997288703918
150,0.2,1,0.04660440981388092,0.020027938485145568,0.4730968475341797,0.38058645725250245,0.10927988588809967,0.06633093059062958,1,0.2,1,0.2,0,0.8,1,1.0,1,1.0,0.026576471328735352
709,0.2,1,0.27030977606773376,0.07909024357795716,0.5551455020904541,0.23704993724822998,0.3467000722885132,0.1320100784301758,0,0.0,0,0.0,1,1.0,1,1.0,1,1.0,0.1912195324897766
21,0.2,1,0.13722410798072815,0.10328552722930909,0.4623279571533203,0.3815800189971924,0.15805459022521973,0.13664159774780274,0,0.0,0,0.0,1,1.0,1,1.0,1,1.0,0.03393858075141906
61,0.2,1,0.02420009672641754,0.02584673762321472,0.5819377899169922,0.28827314376831054,0.3736934959888458,0.18556212186813353,0,0.0,0,0.0,1,1.0,1,1.0,1,1.0,-0.0016466408967971795
143,0.2,1,0.012040495872497559,0.03656213879585266,0.32783257961273193,0.2531940698623657,0.17225408554077148,0.1519308567047119,0,0.0,0,0.0,1,1.0,1,1.0,1,1.0,-0.024521642923355104
545,0.2,1,0.09291437268257141,0.07133488059043884,0.5052458047866821,0.33482338190078736,0.21714696288108826,0.16861336231231688,1,1.0,1,1.0,0,0.0,1,1.0,1,1.0,0.02157949209213257
420,0.2,1,0.07601901888847351,0.009675928950309753,0.5135776400566101,0.25263333320617676,0.24062463641166687,0.10573847889900208,0,0.0,0,0.0,1,1.0,1,1.0,1,1.0,0.06634308993816376
191,0.2,1,0.032121241092681885,-0.012634038925170898,0.4634849429130554,0.31216726303100584,0.14724516868591309,0.09197898507118225,0,0.0,0,0.0,1,1.0,1,1.0,1,1.0,0.04475528001785278
363,0.2,30,0.010181963443756104,-0.010456055402755737,0.4348193407058716,0.32155373096466067,0.045170217752456665,0.0483528196811676,11,1.8,0,0.0,0,0.0,0,0.0,0,0.0,0.02063801884651184
595,0.2,1,0.15048889815807343,0.01167343556880951,0.5597992539405823,0.24384182691574097,0.17774774134159088,0.050769954919815063,0,0.0,0,0.0,1,1.0,1,1.0,1,1.0,0.13881546258926392
458,0.2,1,0.009286880493164062,0.011365014314651489,0.6714781522750854,0.14663434028625488,0.40422797203063965,0.09468667507171631,0,0.0,0,0.0,1,1.0,1,1.0,1,1.0,-0.002078133821487426
30,0.2,1,0.03828507661819458,0.046272414922714236,0.4797004461288452,0.2774572968482971,0.10319465398788452,0.06891895532608032,5,14.0,1,0.8,0,0.2,0,0.4,1,0.4,-0.007987338304519656
640,0.2,2,0.007048085331916809,0.031357300281524655,0.3995065689086914,0.28408160209655764,0.10084579885005951,0.07949182987213135,3,2.4,0,0.0,0,0.0,1,1.0,1,1.0,-0.024309214949607846
240,0.2,1,-0.03317248821258545,-0.0011354565620422363,0.4782562255859375,0.17972131967544555,0.22333547472953796,0.06547885537147521,0,0.0,0,0.0,1,1.0,1,1.0,1,1.0,-0.03203703165054321
345,0.2,1,0.10275712609291077,0.06820747256278992,0.6262874603271484,0.4375219702720642,0.1047661304473877,0.09229178428649902,0,0.2,0,0.2,1,0.8,1,1.0,1,1.0,0.03454965353012085
185,0.2,1,0.07600748538970947,0.022304582595825195,0.44854408502578735,0.17158664464950563,0.27745553851127625,0.09895391464233398,1,0.0,1,0.0,0,1.0,1,1.0,1,1.0,0.053702902793884275
626,0.2,1,0.030927687883377075,-0.007568138837814331,0.5206433534622192,0.43748927116394043,0.19397103786468506,0.11506523489952088,0,0.0,0,0.0,1,1.0,1,1.0,1,1.0,0.03849582672119141
282,0.2,1,0.25215283036231995,0.10922263264656067,0.7364844083786011,0.4686371207237244,0.30703845620155334,0.18158327639102936,6,0.8,1,0.4,0,0.6,0,1.0,1,1.0,0.14293019771575927
125,0.2,2742,-0.03868967294692993,-0.011769461631774902,0.4987586736679077,0.12335113286972046,0.008733391761779785,0.005769144743680954,-612,405.0,0,0.0,0,0.0,0,0.0,0,0.0,-0.02692021131515503
498,0.2,1,0.05829048156738281,0.02490522265434265,0.5962624549865723,0.2947192907333374,0.300139844417572,0.1365308165550232,0,0.0,0,0.0,1,1.0,1,1.0,1,1.0,0.03338525891304016
263,0.2,1,0.24045661091804504,0.09651868343353272,0.4659383296966553,0.3355228066444397,0.2513555586338043,0.12718812227249146,1,0.0,1,0.0,0,1.0,1,1.0,1,1.0,0.14393792748451234
451,0.2,1,0.138545960187912,0.043777546286582945,0.2915564179420471,0.1869053602218628,0.1255669891834259,0.03288029432296753,0,0.0,0,0.0,1,1.0,1,1.0,1,1.0,0.09476841390132903
627,0.2,1,-0.007097512483596802,0.01582227349281311,0.42052674293518066,0.3541698932647705,0.01505136489868164,0.03812531232833862,0,0.0,0,0.0,1,1.0,1,1.0,1,1.0,-0.022919785976409913
496,0.2,1,0.04998844861984253,0.015790462493896484,0.4179283380508423,0.17806565761566162,0.12839123606681824,0.04156855344772339,0,0.0,0,0.0,1,1.0,1,1.0,1,1.0,0.034197986125946045
518,0.2,1,0.14970041811466217,0.13328206539154053,0.5165719985961914,0.3335398077964783,0.31935441493988037,0.20803167819976806,0,0.0,0,0.0,1,1.0,1,1.0,1,1.0,0.016418352723121643
364,0.2,1,0.06299623847007751,0.027614837884902953,0.2214353084564209,0.14161152839660646,0.15370285511016846,0.09515246152877807,0,0.0,0,0.0,1,1.0,1,1.0,1,1.0,0.03538140058517456
342,0.2,1,0.15308095514774323,0.10117413401603699,0.5304504036903381,0.42746140956878664,0.2335832417011261,0.18346437215805053,0,0.0,0,0.0,1,1.0,1,1.0,1,1.0,0.051906821131706235
138,0.2,1,-0.040688395500183105,1.1581182479858399e-05,0.5815958976745605,0.2456157088279724,0.19664475321769714,0.07392677068710327,0,0.0,0,0.0,1,1.0,1,1.0,1,1.0,-0.04069997668266297
127,0.2,1,0.18637070059776306,0.0980649709701538,0.46695423126220703,0.34508204460144043,0.2628612816333771,0.1634381115436554,0,0.0,0,0.0,1,1.0,1,1.0,1,1.0,0.08830572962760926
407,0.2,1,0.05998852849006653,0.056958654522895814,0.5653160810470581,0.4322431206703186,0.1086113452911377,0.09144700765609741,0,0.0,0,0.0,1,1.0,1,1.0,1,1.0,0.003029873967170714
459,0.2,1,0.16200366616249084,0.051805543899536136,0.5038729310035706,0.1831098198890686,0.20031628012657166,0.060476815700531004,0,0.0,0,0.0,1,1.0,1,1.0,1,1.0,0.11019812226295471
702,0.2,1,0.1652107834815979,0.12353324890136719,0.4641520380973816,0.32068623304367067,0.32613229751586914,0.20317257046699524,0,0.0,0,0.0,1,1.0,1,1.0,1,1.0,0.04167753458023071
102,0.2,1,0.032839834690093994,0.023720431327819824,0.446394681930542,0.2232481360435486,0.2351815402507782,0.12454622983932495,1,0.4,1,0.4,0,0.6,1,1.0,1,1.0,0.00911940336227417
216,0.2,1,0.08890694379806519,0.035403075814247134,0.43270277976989746,0.31997706890106203,0.13141906261444092,0.08974619507789612,0,0.0,0,0.0,1,1.0,1,1.0,1,1.0,0.05350386798381805
601,0.2,1,0.018721386790275574,0.026120918989181518,0.49346864223480225,0.2865382194519043,0.13319000601768494,0.1051160991191864,0,0.0,0,0.0,1,1.0,1,1.0,1,1.0,-0.007399532198905944
114,0.2,1,0.174584299325943,0.0642461746931076,0.6137218475341797,0.23228056430816652,0.2215455174446106,0.08333481848239899,3,0.0,1,0.0,0,1.0,1,1.0,1,1.0,0.11033812463283539
283,0.2,1,0.03545728325843811,0.03677667379379272,0.6041661500930786,0.4062014579772949,0.2700819969177246,0.1910139501094818,0,0.0,0,0.0,1,1.0,1,1.0,1,1.0,-0.0013193905353546115
51,0.2,1,0.03346496820449829,0.02006985545158386,0.44246089458465576,0.19776127338409424,0.13322821259498596,0.08616008162498474,1,1.0,1,1.0,0,0.0,1,1.0,1,1.0,0.01339511275291443
537,0.2,1,0.34028834104537964,0.2592144101858139,0.6316681504249573,0.48426908254623413,0.3928525745868683,0.29771808385848997,0,0.0,0,0.0,1,1.0,1,1.0,1,1.0,0.08107393085956571
599,0.2,1,0.12826389074325562,0.07317711710929871,0.43065404891967773,0.2980411767959595,0.17521452903747559,0.108729088306427,0,0.0,0,0.0,1,1.0,1,1.0,1,1.0,0.055086773633956906
650,0.2,1,0.029717817902565002,-0.010310828685760498,0.46900129318237305,0.39392043352127076,0.12221097946166992,0.0956822693347931,0,0.0,0,0.0,1,1.0,1,1.0,1,1.0,0.0400286465883255
535,0.2,1,0.17455923557281494,0.08674610257148743,0.38037109375,0.22707136869430541,0.22875243425369263,0.12370660901069641,0,0.0,0,0.0,1,1.0,1,1.0,1,1.0,0.08781313300132751
480,0.2,1,0.1580272614955902,0.030777227878570557,0.5086016058921814,0.15606920719146727,0.2132611870765686,0.04473569989204407,31,2.4,1,0.2,0,0.8,0,0.8,0,0.8,0.12725003361701964
722,0.2,1,0.032247841358184814,0.02864927053451538,0.5414358377456665,0.41812667846679685,0.17291852831840515,0.12738368511199952,0,0.0,0,0.0,1,1.0,1,1.0,1,1.0,0.0035985708236694336
389,0.2,1,0.18832504749298096,0.138109290599823,0.5464139580726624,0.2989818811416626,0.3344985246658325,0.19404162764549254,0,0.0,0,0.0,1,1.0,1,1.0,1,1.0,0.050215756893157965
436,0.2,1,0.20376801490783691,0.06542512476444244,0.5277706384658813,0.22439980506896973,0.228947252035141,0.08108685910701752,346,4.8,1,0.6,0,0.4,0,0.6,0,0.6,0.13834289014339446
100,0.2,1,0.0735253095626831,0.030618935823440552,0.6051873564720154,0.31145129203796384,0.1973959505558014,0.09500983953475953,0,0.0,0,0.0,1,1.0,1,1.0,1,1.0,0.042906373739242554
264,0.2,1,-0.03184390068054199,-0.031142544746398926,0.4570755958557129,0.2714605212211609,0.1574254035949707,0.09098936915397644,0,0.0,0,0.0,1,1.0,1,1.0,1,1.0,-0.0007013559341430657
472,0.2,1,0.1394478976726532,0.10297215282917023,0.5938406586647034,0.4386676549911499,0.19104066491127014,0.1191538542509079,25,15.4,1,0.6,0,0.4,0,0.6,0,0.8,0.03647574484348297
287,0.2,3,-0.016605347394943237,-0.03257969319820404,0.48799222707748413,0.43709697723388674,0.07705190777778625,0.08695776164531707,0,-0.6,0,0.0,0,0.0,1,1.0,1,1.0,0.015974345803260806
678,0.2,1,0.11651116609573364,0.05513697862625122,0.5365816354751587,0.38881171941757203,0.3608538806438446,0.21870514154434204,1,0.2,1,0.2,0,0.8,1,1.0,1,1.0,0.06137418746948242
156,0.2,1,0.08751153945922852,0.06182546615600586,0.35998427867889404,0.1763606309890747,0.10864806175231934,0.08886640071868897,0,0.0,0,0.0,1,1.0,1,1.0,1,1.0,0.02568607330322266
638,0.2,1,0.2510199248790741,0.0875734269618988,0.6117395162582397,0.1485292673110962,0.44608867168426514,0.07714159488677978,13,0.0,1,0.0,0,1.0,0,1.0,0,1.0,0.1634464979171753
292,0.2,1,0.09856399893760681,0.07500544786453248,0.38441014289855957,0.2819777369499207,0.12085095047950745,0.09373564720153808,0,0.0,0,0.0,1,1.0,1,1.0,1,1.0,0.023558551073074335
145,0.2,3,-0.015049561858177185,0.0030191361904144285,0.5614292621612549,0.33325170278549193,0.12002180516719818,0.09206456542015076,-2,3.4,0,0.0,1,0.0,1,0.8,1,0.8,-0.018068698048591614
78,0.2,1,0.15671440958976746,0.09901122748851776,0.41028618812561035,0.31052422523498535,0.172377347946167,0.12158001661300659,0,0.0,0,0.0,1,1.0,1,1.0,1,1.0,0.057703182101249695
294,0.2,2,-0.0031458139419555664,-0.015150365233421326,0.38294678926467896,0.3079485774040222,0.08789381384849548,0.08292962312698364,0,-0.2,0,0.0,0,0.6,1,1.0,1,1.0,0.01200455129146576
386,0.2,1,0.04379773139953613,0.0012864410877227784,0.4798898696899414,0.21578887701034546,0.18087753653526306,0.09366704821586609,0,0.0,0,0.0,1,1.0,1,1.0,1,1.0,0.04251129031181335
184,0.2,1,0.06221476197242737,0.0867613434791565,0.32081055641174316,0.32025392055511476,0.1141347885131836,0.136627596616745,0,0.0,0,0.0,1,1.0,1,1.0,1,1.0,-0.02454658150672913
33,0.2,1,0.0360599160194397,0.00776100754737854,0.461122989654541,0.2901684999465942,0.2561125159263611,0.12969676852226258,0,0.0,0,0.0,1,1.0,1,1.0,1,1.0,0.02829890847206116
468,0.2,1,0.06887369602918625,0.03887571394443512,0.2672777771949768,0.1743102788925171,0.0684439018368721,0.03578846752643585,46,5.6,1,1.0,0,0.0,0,0.4,0,0.8,0.02999798208475113
257,0.2,1,0.00668257474899292,0.009836408495903014,0.21950984001159668,0.1870548129081726,0.004818320274353027,0.005989396572113037,0,0.0,0,0.0,1,1.0,1,1.0,1,1.0,-0.0031538337469100945
415,0.2,1,0.11295430362224579,0.043855467438697816,0.4802722930908203,0.26113746166229246,0.17210465669631958,0.07076425552368164,0,0.0,0,0.0,1,1.0,1,1.0,1,1.0,0.06909883618354798
121,0.2,1,0.027764052152633667,0.04277719557285309,0.5596507787704468,0.2737192392349243,0.20646515488624573,0.10904651880264282,0,0.0,0,0.0,1,1.0,1,1.0,1,1.0,-0.015013143420219421
445,0.2,12,-0.029113277792930603,-0.05820462107658386,0.4602707624435425,0.30821999311447146,0.05964960157871246,0.020579507946968077,-4,-8.0,0,0.0,0,0.2,0,0.8,1,0.8,0.02909134328365326
195,0.2,1,0.02930954098701477,0.010931932926177978,0.5484892129898071,0.29916912317276,0.24580305814743042,0.12115381956100464,0,0.0,0,0.0,1,1.0,1,1.0,1,1.0,0.01837760806083679
244,0.2,1,0.11213795840740204,0.05637186467647552,0.3335839509963989,0.21052745580673218,0.13470125198364258,0.09837361574172973,0,0.0,0,0.0,1,1.0,1,1.0,1,1.0,0.055766093730926516
453,0.2,1,0.19836553931236267,0.07062517404556275,0.5412375330924988,0.2265090227127075,0.31562918424606323,0.1529393196105957,0,0.0,0,0.0,1,1.0,1,1.0,1,1.0,0.12774036526679994
659,0.2,1,0.12112730741500854,0.06154879629611969,0.49406898021698,0.38296530246734617,0.21914717555046082,0.15561006665229798,0,0.0,0,0.0,1,1.0,1,1.0,1,1.0,0.05957851111888886
265,0.2,1,0.09874406456947327,0.03664025664329529,0.5268551111221313,0.2942287564277649,0.1216665506362915,0.08440897464752198,0,0.0,0,0.0,1,1.0,1,1.0,1,1.0,0.06210380792617798
238,0.2,1,0.17867055535316467,0.09858523607254029,0.5347822904586792,0.24664242267608644,0.1948738694190979,0.11763203740119935,0,0.0,0,0.0,1,1.0,1,1.0,1,1.0,0.08008531928062439
452,0.2,1,0.16472288966178894,0.10427717566490173,0.5379976034164429,0.35777208805084226,0.3197229504585266,0.20202205181121827,0,0.0,0,0.0,1,1.0,1,1.0,1,1.0,0.06044571399688721
614,0.2,1,0.051642045378685,0.03476811051368713,0.42232441902160645,0.20376240015029906,0.13669560849666595,0.05643609166145325,0,0.0,0,0.0,1,1.0,1,1.0,1,1.0,0.016873934864997865
736,0.2,1,0.11391527950763702,0.045182418823242185,0.6767459511756897,0.40452960729598997,0.2990404963493347,0.15546257495880128,0,0.0,0,0.0,1,1.0,1,1.0,1,1.0,0.06873286068439484
167,0.2,1,0.05739319324493408,0.028390997648239137,0.430675745010376,0.3409708380699158,0.1577364206314087,0.13691238164901734,0,0.0,0,0.0,1,1.0,1,1.0,1,1.0,0.029002195596694945
469,0.2,1,0.1159352958202362,0.056409251689910886,0.513209342956543,0.26985409259796145,0.21716266870498657,0.10303089618682862,0,0.0,0,0.0,1,1.0,1,1.0,1,1.0,0.05952604413032532
530,0.2,1,0.2718896269798279,0.15273722112178803,0.5740457773208618,0.3388570427894592,0.28308311104774475,0.17832481265068054,0,0.0,0,0.0,1,1.0,1,1.0,1,1.0,0.11915240585803985
13,0.2,1,0.22287344932556152,0.03375535607337952,0.511501669883728,0.1566089391708374,0.3037898540496826,0.0669623851776123,0,0.0,0,0.0,1,1.0,1,1.0,1,1.0,0.189118093252182
578,0.2,1,0.18630966544151306,0.06045706868171692,0.5035284161567688,0.24385473728179932,0.1898670196533203,0.06681875586509704,0,0.0,0,0.0,1,1.0,1,1.0,1,1.0,0.12585259675979615
353,0.2,1,0.05721336603164673,0.03966811895370483,0.5421556234359741,0.2920559883117676,0.2650940716266632,0.13184404373168945,1,0.4,1,0.4,0,0.6,1,1.0,1,1.0,0.017545247077941896
128,0.2,1,0.29551681876182556,0.1620842158794403,0.4637511968612671,0.32097659111022947,0.31594163179397583,0.2003597855567932,0,0.0,0,0.0,1,1.0,1,1.0,1,1.0,0.13343260288238526
247,0.2,1,0.06410077214241028,0.01979966163635254,0.5044405460357666,0.22848014831542968,0.2896425724029541,0.12562559843063353,1,0.4,1,0.2,0,0.8,1,1.0,1,1.0,0.04430111050605774
664,0.2,1,0.1928785890340805,0.0017913222312927247,0.677815318107605,0.059067928791046144,0.20088186860084534,0.008680510520935058,0,0.0,0,0.0,1,1.0,1,1.0,1,1.0,0.1910872668027878
183,0.2,1,0.056817203760147095,0.02946069836616516,0.47265374660491943,0.3215016007423401,0.14355486631393433,0.12005950212478637,0,0.0,0,0.0,1,1.0,1,1.0,1,1.0,0.027356505393981934
280,0.2,1,0.14576512575149536,0.06364722847938538,0.4657571315765381,0.2685011029243469,0.18586519360542297,0.10948483347892761,0,0.0,0,0.0,1,1.0,1,1.0,1,1.0,0.08211789727210998
215,0.2,1,0.08676238358020782,0.09245125651359558,0.5571001768112183,0.39761499166488645,0.1339820921421051,0.11438651382923126,0,0.2,0,0.2,1,0.8,1,1.0,1,1.0,-0.005688872933387754
639,0.2,1,-0.026759952306747437,-0.001203906536102295,0.5497723817825317,0.22897325754165648,0.2593115270137787,0.10744274854660034,0,0.0,0,0.0,1,1.0,1,1.0,1,1.0,-0.02555604577064514
107,0.2,1,0.009970307350158691,0.0008705019950866699,0.46569520235061646,0.23193800449371338,0.20662665367126465,0.09275134205818177,0,0.0,0,0.0,1,1.0,1,1.0,1,1.0,0.009099805355072021
299,0.2,1,0.1717015504837036,0.06479903757572174,0.6293966770172119,0.28614100217819216,0.23500776290893555,0.10502344965934754,0,0.0,0,0.0,1,1.0,1,1.0,1,1.0,0.10690251290798188
340,0.2,1,0.05308988690376282,0.019793015718460084,0.44820255041122437,0.27211775779724123,0.14785251021385193,0.09816489815711975,1,0.2,1,0.2,0,0.8,1,1.0,1,1.0,0.03329687118530274
236,0.2,1,-0.002396106719970703,0.022491532564163207,0.4243443012237549,0.3511348724365234,0.20674988627433777,0.18715646266937255,0,0.0,0,0.0,1,1.0,1,1.0,1,1.0,-0.02488763928413391
218,0.2,1,0.14709195494651794,0.05266895890235901,0.6309828758239746,0.3497448205947876,0.2939123213291168,0.1545783281326294,2,0.2,1,0.2,0,0.8,1,1.0,1,1.0,0.09442299604415894
456,0.2,1,0.07875931262969971,0.046315905451774594,0.5851170420646667,0.5161836385726929,0.30307915806770325,0.2608147919178009,0,0.0,0,0.0,1,1.0,1,1.0,1,1.0,0.03244340717792511
643,0.2,1,0.24273446202278137,0.15010436177253722,0.5201342105865479,0.3461759686470032,0.2554163932800293,0.15415782928466798,0,0.0,0,0.0,1,1.0,1,1.0,1,1.0,0.09263010025024415
182,0.2,1,0.011186271905899048,-0.02008257508277893,0.4895263910293579,0.40302209854125975,0.2719482481479645,0.1910594642162323,0,0.0,0,0.0,1,1.0,1,1.0,1,1.0,0.031268846988677976
157,0.2,2,-0.04052618145942688,-0.02086605429649353,0.45919376611709595,0.2714065194129944,0.18796303868293762,0.08862141966819763,-1,-0.6,0,0.0,1,0.6,1,1.0,1,1.0,-0.01966012716293335
70,0.2,1,0.15375274419784546,0.10843006074428559,0.41335397958755493,0.3703664898872375,0.16441139578819275,0.1542585790157318,0,0.0,0,0.0,1,1.0,1,1.0,1,1.0,0.04532268345355987
444,0.2,1,0.11436058580875397,0.06346916556358337,0.3933602571487427,0.23850507736206056,0.15403354167938232,0.08571242094039917,0,0.0,0,0.0,1,1.0,1,1.0,1,1.0,0.0508914202451706
248,0.2,1,0.06844455003738403,0.07027440667152404,0.5592058897018433,0.5207403063774109,0.1783229410648346,0.1738414168357849,0,0.2,0,0.2,1,0.8,1,1.0,1,1.0,-0.001829856634140009
146,0.2,1,0.10661643743515015,0.05719028115272522,0.5249996185302734,0.30445497035980223,0.28321367502212524,0.154971182346344,0,0.0,0,0.0,1,1.0,1,1.0,1,1.0,0.04942615628242493
449,0.2,3,-0.09236574172973633,-0.017546522617340087,0.505213737487793,0.12864303588867188,0.12666648626327515,0.00898604393005371,2,0.0,0,0.0,0,0.0,1,1.0,1,1.0,-0.07481921911239624
351,0.2,1,0.05031615495681763,0.003153789043426514,0.5321539640426636,0.1777568817138672,0.21885749697685242,0.06507253646850586,0,0.0,0,0.0,1,1.0,1,1.0,1,1.0,0.04716236591339111
383,0.2,1,0.12510716915130615,0.04729949235916138,0.6667563319206238,0.26105494499206544,0.3191373944282532,0.13078352212905883,0,0.0,0,0.0,1,1.0,1,1.0,1,1.0,0.07780767679214477
416,0.2,1,0.095059335231781,0.02358531951904297,0.5504286289215088,0.1929229736328125,0.2570202648639679,0.09379923939704896,0,0.0,0,0.0,1,1.0,1,1.0,1,1.0,0.07147401571273804
404,0.2,1,0.1155572235584259,0.020306944847106934,0.5215060114860535,0.2931993007659912,0.1868208348751068,0.09632596373558044,1,0.0,1,0.0,0,1.0,1,1.0,1,1.0,0.09525027871131897
510,0.2,4,0.05483010411262512,0.04078190922737122,0.571074366569519,0.5204620957374573,0.22266918420791626,0.1833510160446167,22,14.6,0,0.0,0,0.0,0,0.0,0,0.0,0.014048194885253905
122,0.2,1,0.011969834566116333,-0.012164896726608277,0.46808695793151855,0.32367305755615233,0.18068045377731323,0.15794428586959838,0,0.0,0,0.0,1,1.0,1,1.0,1,1.0,0.024134731292724608
348,0.2,1,-0.01738375425338745,-0.02671986222267151,0.5261645317077637,0.2898757815361023,0.057855814695358276,0.009707391262054443,0,0.0,0,0.0,1,1.0,1,1.0,1,1.0,0.009336107969284059
317,0.2,1,0.21907472610473633,0.18861928582191467,0.44975775480270386,0.33535722494125364,0.27963414788246155,0.2299502193927765,0,0.0,0,0.0,1,1.0,1,1.0,1,1.0,0.030455440282821655
691,0.2,1,-0.00965958833694458,-0.0173833429813385,0.41692471504211426,0.2275039315223694,0.06694692373275757,0.03245602250099182,0,0.0,0,0.0,1,1.0,1,1.0,1,1.0,0.0077237546443939195
651,0.2,1,0.0883188545703888,0.09503956735134125,0.462536096572876,0.3282546758651733,0.1680731177330017,0.15391210615634918,0,0.0,0,0.0,1,1.0,1,1.0,1,1.0,-0.006720712780952459
541,0.2,1,0.016840100288391113,-0.007984042167663574,0.41291576623916626,0.17489371299743653,0.18234986066818237,0.07218185663223267,0,0.0,0,0.0,1,1.0,1,1.0,1,1.0,0.024824142456054688
392,0.2,1,0.08052122592926025,0.04429537057876587,0.40661191940307617,0.27141948938369753,0.2155831754207611,0.11317840814590455,1,0.4,1,0.2,0,0.8,1,1.0,1,1.0,0.036225855350494385
529,0.2,1,0.22826199233531952,0.12845932245254515,0.49343758821487427,0.3010879158973694,0.29499760270118713,0.180161052942276,0,0.0,0,0.0,1,1.0,1,1.0,1,1.0,0.09980266988277436
423,0.2,1,0.08551879227161407,0.07519725412130356,0.6081805229187012,0.40807228088378905,0.0721668004989624,0.06511844843626022,48,104.6,1,1.0,0,0.0,0,0.4,0,0.4,0.01032153815031052
286,0.2,1,0.10812553763389587,0.039949119091033936,0.47114288806915283,0.2889570355415344,0.1825394332408905,0.13948246240615844,0,0.0,0,0.0,1,1.0,1,1.0,1,1.0,0.06817641854286194
25,0.2,1,0.10415500402450562,0.06595469117164612,0.4011800289154053,0.22470425367355346,0.2575445771217346,0.14080582857131957,0,0.0,0,0.0,1,1.0,1,1.0,1,1.0,0.03820031285285949
94,0.2,1,0.03138074278831482,0.022413772344589234,0.5565037131309509,0.18262792825698854,0.18466949462890625,0.033323824405670166,0,0.0,0,0.0,1,1.0,1,1.0,1,1.0,0.008966970443725585
295,0.2,1,0.1211719661951065,0.08041440844535827,0.6203190088272095,0.43086451292037964,0.12813839316368103,0.09114781022071838,0,0.0,0,0.0,1,1.0,1,1.0,1,1.0,0.040757557749748236
707,0.2,1,0.08058333396911621,0.06561020016670227,0.4579477310180664,0.3173631548881531,0.23445791006088257,0.17387235164642334,0,0.0,0,0.0,1,1.0,1,1.0,1,1.0,0.01497313380241394
205,0.2,1,0.1433013379573822,0.06739059090614319,0.4127919673919678,0.3110823154449463,0.22330987453460693,0.13579840660095216,0,0.0,0,0.0,1,1.0,1,1.0,1,1.0,0.07591074705123901
83,0.2,1,0.07571516931056976,0.026736411452293395,0.5398365259170532,0.3953311324119568,0.11843866109848022,0.07421399056911468,16,0.2,1,0.2,0,0.8,0,1.0,0,1.0,0.048978757858276364
162,0.2,1,0.13848629593849182,0.08396769762039184,0.46381300687789917,0.2993141055107117,0.24737587571144104,0.15257573127746582,0,0.0,0,0.0,1,1.0,1,1.0,1,1.0,0.05451859831809998
311,0.2,1,0.08028647303581238,0.03949362635612488,0.45979607105255127,0.33190701007843015,0.23387083411216736,0.1649762511253357,3,1.6,1,0.4,0,0.6,1,0.8,1,1.0,0.0407928466796875
440,0.2,1,0.1216578483581543,0.0642056941986084,0.5256539583206177,0.25185930728912354,0.19776418805122375,0.09150139689445495,0,0.0,0,0.0,1,1.0,1,1.0,1,1.0,0.057452154159545896
501,0.2,1,0.11038005352020264,0.0016185879707336427,0.46631938219070435,0.10420212745666504,0.2206782102584839,0.039207637310028076,0,0.0,0,0.0,1,1.0,1,1.0,1,1.0,0.108761465549469
738,0.2,1,0.15654733777046204,0.0748809516429901,0.579046368598938,0.28141629695892334,0.22945040464401245,0.10900523066520691,0,0.0,0,0.0,1,1.0,1,1.0,1,1.0,0.08166638612747193
538,0.2,1,-0.007376432418823242,0.0010073542594909667,0.47668009996414185,0.09393579959869384,0.06659308075904846,0.00886339545249939,0,0.0,0,0.0,1,1.0,1,1.0,1,1.0,-0.00838378667831421
376,0.2,1,0.09377527236938477,0.06809376478195191,0.3487702012062073,0.23270708322525024,0.13528293371200562,0.0740987241268158,0,0.0,0,0.0,1,1.0,1,1.0,1,1.0,0.02568150758743286
281,0.2,1,0.19282232224941254,0.09243832528591156,0.49647676944732666,0.33388419151306153,0.2615714967250824,0.13096523880958558,0,0.0,0,0.0,1,1.0,1,1.0,1,1.0,0.10038399696350098
558,0.2,1,0.12096703052520752,0.08170356750488281,0.5486087203025818,0.31690006256103515,0.20294374227523804,0.13567706942558289,0,0.0,0,0.0,1,1.0,1,1.0,1,1.0,0.03926346302032471
432,0.2,1,0.10177414119243622,0.06347540616989136,0.5918229818344116,0.32965333461761476,0.23458611965179443,0.1412498891353607,0,0.0,0,0.0,1,1.0,1,1.0,1,1.0,0.038298735022544855
555,0.2,1,0.14450860023498535,0.0897318184375763,0.31489187479019165,0.2574898362159729,0.1582966446876526,0.12083723545074462,0,0.0,0,0.0,1,1.0,1,1.0,1,1.0,0.05477678179740905
581,0.2,1,0.17550872266292572,0.0666738584637642,0.7688611149787903,0.45084850788116454,0.2222672402858734,0.0992123618721962,3237,115.0,1,0.6,0,0.4,0,0.4,0,0.4,0.10883486419916152
636,0.2,2,-0.0024881958961486816,-0.007833343744277955,0.6381270885467529,0.2754280209541321,0.15296977758407593,0.05561490654945374,0,-0.2,0,0.0,0,0.6,1,1.0,1,1.0,0.005345147848129273
572,0.2,1,0.050146475434303284,0.05726985335350036,0.6085577011108398,0.447024405002594,0.24660348892211914,0.2036116302013397,0,0.0,0,0.0,1,1.0,1,1.0,1,1.0,-0.00712337791919708
310,0.2,1,0.041262298822402954,0.025272667407989502,0.4869939088821411,0.2705117464065552,0.21022531390190125,0.10473713874816895,0,0.0,0,0.0,1,1.0,1,1.0,1,1.0,0.015989631414413452
635,0.2,1,0.14852169156074524,0.03629145920276642,0.6492424011230469,0.3500128149986267,0.2438775599002838,0.10094495713710785,44,0.6,1,0.2,0,0.8,0,1.0,0,1.0,0.11223023235797883
64,0.2,1,0.04142405092716217,0.007524901628494262,0.6137112379074097,0.1182282567024231,0.2896902710199356,0.04446282386779785,0,0.0,0,0.0,1,1.0,1,1.0,1,1.0,0.033899149298667906
109,0.2,1,0.08483588695526123,0.10357970595359803,0.3174170255661011,0.26226693391799927,0.12738743424415588,0.11563457250595092,0,0.0,0,0.0,1,1.0,1,1.0,1,1.0,-0.018743818998336798
314,0.2,1,0.011793166399002075,0.017669856548309326,0.2578932046890259,0.18961199522018432,0.056695640087127686,0.0530663013458252,0,0.0,0,0.0,1,1.0,1,1.0,1,1.0,-0.005876690149307251
380,0.2,1,0.1435445249080658,0.056574615836143496,0.5247091054916382,0.2342449903488159,0.19396957755088806,0.08278522491455079,0,0.0,0,0.0,1,1.0,1,1.0,1,1.0,0.0869699090719223
54,0.2,329,-0.03142555058002472,-0.05542258322238922,0.5637990236282349,0.3049859762191772,0.015455439686775208,-0.0019317090511322022,-126,-148.8,0,0.0,0,0.0,0,0.0,0,0.0,0.023997032642364503
634,0.2,1,0.16080600023269653,0.15276322662830352,0.4096717834472656,0.31127957105636594,0.20554864406585693,0.14558205008506775,0,0.0,0,0.0,1,1.0,1,1.0,1,1.0,0.008042773604393011
641,0.2,1,0.10224801301956177,0.06535403728485108,0.5530047416687012,0.3178392291069031,0.23014619946479797,0.1046330213546753,0,0.0,0,0.0,1,1.0,1,1.0,1,1.0,0.03689397573471069
388,0.2,1,0.09138527512550354,0.0013843774795532227,0.41810858249664307,0.12703646421432496,0.2121003270149231,0.04285894632339478,0,0.0,0,0.0,1,1.0,1,1.0,1,1.0,0.09000089764595032
169,0.2,1,0.027190566062927246,0.003500539064407349,0.5075159072875977,0.24739563465118408,0.14746329188346863,0.07449108362197876,0,0.0,0,0.0,1,1.0,1,1.0,1,1.0,0.023690026998519898
335,0.2,1,0.05635112524032593,0.011160790920257568,0.4894193410873413,0.26669629812240603,0.07277441024780273,0.014945757389068604,2,0.4,1,0.2,0,0.8,1,1.0,1,1.0,0.04519033432006836
484,0.2,1,-0.01613423228263855,-0.017113369703292847,0.5344980955123901,0.3409606695175171,0.23132771253585815,0.14882614016532897,0,0.0,0,0.0,1,1.0,1,1.0,1,1.0,0.0009791374206542976
235,0.2,1,0.13876450061798096,0.03679185807704925,0.5661292672157288,0.2128849983215332,0.278179407119751,0.08566237092018128,0,0.0,0,0.0,1,1.0,1,1.0,1,1.0,0.1019726425409317
610,0.2,1,0.10076451301574707,0.09198957979679108,0.525063157081604,0.397308886051178,0.15461096167564392,0.10824633240699769,0,0.0,0,0.0,1,1.0,1,1.0,1,1.0,0.008774933218955991
92,0.2,1,0.06386251747608185,0.0721225082874298,0.46249306201934814,0.32099118232727053,0.1242530345916748,0.09842565655708313,0,0.0,0,0.0,1,1.0,1,1.0,1,1.0,-0.008259990811347956
7,0.2,1,0.13214349746704102,0.03714209198951721,0.6096398830413818,0.2329369902610779,0.32173049449920654,0.11959758400917053,8,2.2,1,0.4,0,0.6,0,0.8,1,1.0,0.09500140547752381
49,0.2,13,-0.04208752512931824,-0.010144641995429993,0.46883857250213623,0.23277379274368287,0.13071030378341675,0.07534419596195222,8,21.8,0,0.0,0,0.0,0,0.0,0,0.2,-0.031942883133888246
252,0.2,1,0.04095861315727234,0.0068642497062683105,0.5527833104133606,0.3572684764862061,0.24134352803230286,0.14217543601989746,0,0.0,0,0.0,1,1.0,1,1.0,1,1.0,0.03409436345100403
359,0.2,1,0.047373682260513306,0.07251282930374145,0.493721604347229,0.4665489673614502,0.20248067378997803,0.18897922039031984,0,0.8,0,0.2,1,0.8,1,1.0,1,1.0,-0.025139147043228144
660,0.2,1,0.049755558371543884,-0.00227581262588501,0.6097815036773682,0.21887431144714356,0.34465667605400085,0.08653008937835693,20,0.0,1,0.0,0,1.0,0,1.0,0,1.0,0.0520313709974289
79,0.2,1,0.028731852769851685,0.011345946788787841,0.4468339681625366,0.23444595336914062,0.150565505027771,0.07283990383148194,0,0.0,0,0.0,1,1.0,1,1.0,1,1.0,0.01738590598106384
329,0.2,1,0.19921398162841797,0.06749643087387085,0.513864278793335,0.2467719316482544,0.27523118257522583,0.10438350439071656,0,0.0,0,0.0,1,1.0,1,1.0,1,1.0,0.1317175507545471
2,0.2,1,0.029623642563819885,0.022465544939041137,0.5143804550170898,0.2434317111968994,0.15258577466011047,0.03924831748008728,0,0.0,0,0.0,1,1.0,1,1.0,1,1.0,0.007158097624778748
251,0.2,1,0.14764024317264557,0.02680903673171997,0.6217257380485535,0.30717054605484007,0.37808866798877716,0.16838287115097045,0,0.0,0,0.0,1,1.0,1,1.0,1,1.0,0.1208312064409256
108,0.2,1,0.19460302591323853,0.1540920317173004,0.37758612632751465,0.2918682932853699,0.24751538038253784,0.19591645002365113,0,0.0,0,0.0,1,1.0,1,1.0,1,1.0,0.04051099419593812
267,0.2,1,0.0041779279708862305,-0.0057173013687133786,0.5008521676063538,0.3853004455566406,0.12406200170516968,0.13676875829696655,0,0.0,0,0.0,1,1.0,1,1.0,1,1.0,0.009895229339599609
590,0.2,5,0.08470156788825989,0.04026458859443664,0.7264184355735779,0.3478997826576233,0.08982349932193756,0.029582837224006654,170,44.6,0,0.0,0,0.0,0,0.2,0,0.4,0.044436979293823245
570,0.2,1,0.15669551491737366,0.06080239713191986,0.6220271587371826,0.3596110701560974,0.15893231332302094,0.05794770717620849,0,0.0,0,0.0,1,1.0,1,1.0,1,1.0,0.0958931177854538
522,0.2,1,0.08272314071655273,0.026607003808021546,0.42241597175598145,0.29042419195175173,0.15136417746543884,0.08847518563270569,0,0.0,0,0.0,1,1.0,1,1.0,1,1.0,0.05611613690853119
27,0.2,2,-0.011220782995223999,-0.0006421893835067749,0.4075295329093933,0.22661032676696777,0.02134573459625244,0.021995243430137635,0,0.4,0,0.0,0,0.0,1,1.0,1,1.0,-0.010578593611717224
82,0.2,1,0.12958744168281555,0.02037661075592041,0.533770740032196,0.06756707429885864,0.179010808467865,0.02866329550743103,0,0.0,0,0.0,1,1.0,1,1.0,1,1.0,0.10921083092689514
65,0.2,1,0.08508199453353882,0.04085964560508728,0.50166916847229,0.24253807067871094,0.3099638819694519,0.1373361051082611,0,0.0,0,0.0,1,1.0,1,1.0,1,1.0,0.04422234892845154
320,0.2,1,0.11218366026878357,0.07934651970863342,0.47950661182403564,0.2789776086807251,0.3642333149909973,0.203765606880188,0,0.0,0,0.0,1,1.0,1,1.0,1,1.0,0.03283714056015015
596,0.2,1,0.14246703684329987,0.05303458571434021,0.5335354804992676,0.3629725456237793,0.22755712270736694,0.10181857943534851,2,0.0,1,0.0,0,1.0,1,1.0,1,1.0,0.08943245112895966
442,0.2,1,0.23190228641033173,0.11342193484306336,0.6397949457168579,0.33028554916381836,0.24276100099086761,0.10959904789924621,0,0.0,0,0.0,1,1.0,1,1.0,1,1.0,0.11848035156726837
414,0.2,10369,-0.11497168242931366,-0.07127561569213867,0.5329636931419373,0.33544752597808836,0.019980333745479584,-0.003721490502357483,4166,-1244.4,0,0.0,0,0.0,0,0.0,0,0.0,-0.04369606673717499
517,0.2,1,0.19103747606277466,0.05949937701225281,0.5700663328170776,0.2143558979034424,0.26918813586235046,0.10526960492134094,0,0.0,0,0.0,1,1.0,1,1.0,1,1.0,0.13153809905052186
712,0.2,1,0.036858558654785156,0.03663592338562012,0.5555399060249329,0.32074484825134275,0.17679372429847717,0.11702057719230652,0,0.0,0,0.0,1,1.0,1,1.0,1,1.0,0.0002226352691650363
111,0.2,1,0.141333669424057,0.08186766803264618,0.522191047668457,0.30847232341766356,0.15342822670936584,0.08697291016578675,0,0.0,0,0.0,1,1.0,1,1.0,1,1.0,0.059466001391410825
232,0.2,1,0.010805517435073853,0.02082160711288452,0.45842140913009644,0.27414822578430176,0.28756269812583923,0.18810858726501464,0,0.0,0,0.0,1,1.0,1,1.0,1,1.0,-0.010016089677810668
711,0.2,1,0.16109976172447205,0.11653545200824737,0.56427001953125,0.43185927867889407,0.2515745162963867,0.20035037994384766,0,0.0,0,0.0,1,1.0,1,1.0,1,1.0,0.04456430971622467
701,0.2,1,0.09712380170822144,0.06095890998840332,0.4585675001144409,0.2646193504333496,0.19888025522232056,0.1345475733280182,0,0.0,0,0.0,1,1.0,1,1.0,1,1.0,0.03616489171981811
533,0.2,1,0.1262379288673401,0.12544213235378265,0.5580500364303589,0.3588942885398865,0.12999004125595093,0.11718813478946685,1,3.0,1,0.6,0,0.4,1,0.8,1,1.0,0.0007957965135574341
426,0.2,1,0.004640728235244751,0.020359379053115845,0.5109214186668396,0.4136827111244202,0.22260060906410217,0.16419519186019899,0,0.0,0,0.0,1,1.0,1,1.0,1,1.0,-0.015718650817871094
175,0.2,1,0.06885725259780884,0.02935275435447693,0.5099692940711975,0.31110248565673826,0.2669454514980316,0.12894245982170105,0,0.0,0,0.0,1,1.0,1,1.0,1,1.0,0.03950449824333191
89,0.2,24,0.04919375479221344,0.030539363622665405,0.3990645408630371,0.3067071080207825,0.07230585813522339,0.040543609857559205,176,58.8,0,0.0,0,0.0,0,0.0,0,0.2,0.018654391169548035
303,0.2,1,0.1722918450832367,0.08825206756591797,0.5304029583930969,0.4339346528053284,0.1809902787208557,0.16199600100517272,0,0.0,0,0.0,1,1.0,1,1.0,1,1.0,0.08403977751731873
619,0.2,1,0.12062877416610718,0.03986513614654541,0.456870436668396,0.2267896056175232,0.16021400690078735,0.07681031227111816,0,0.0,0,0.0,1,1.0,1,1.0,1,1.0,0.08076363801956177
1,0.2,81,0.034732162952423096,0.004355485737323761,0.3132726550102234,0.21645535230636598,0.07904528081417084,0.04077624455094338,484,116.6,0,0.0,0,0.2,0,0.2,0,0.2,0.030376677215099335
495,0.2,1,0.01186421513557434,0.027215296030044557,0.4298999309539795,0.3472173810005188,0.16888242959976196,0.16010357141494752,0,0.0,0,0.0,1,1.0,1,1.0,1,1.0,-0.015351080894470216
168,0.2,1,0.05603399872779846,0.03869436383247375,0.4829487204551697,0.4204136967658997,0.17965227365493774,0.17384975552558898,2,2.0,1,0.6,0,0.4,1,0.8,1,1.0,0.01733963489532471
455,0.2,1,0.14311546087265015,0.06279298067092895,0.5697746276855469,0.311200213432312,0.26729732751846313,0.10287525057792664,0,0.0,0,0.0,1,1.0,1,1.0,1,1.0,0.0803224802017212
696,0.2,1,0.17111366987228394,0.09878600537776946,0.5837761163711548,0.40046876668930054,0.17076805233955383,0.11213727593421936,0,0.0,0,0.0,1,1.0,1,1.0,1,1.0,0.07232766449451447
144,0.2,1,0.09750444442033768,-0.0027251839637756348,0.5747911334037781,0.31290727853775024,0.30405979603528976,0.12950499951839448,38,0.6,1,0.2,0,0.8,0,1.0,0,1.0,0.10022962838411331
577,0.2,1,0.11452019214630127,0.035916095972061156,0.5202882289886475,0.20461417436599733,0.18107959628105164,0.07206122875213623,0,0.0,0,0.0,1,1.0,1,1.0,1,1.0,0.0786040961742401
401,0.2,1,0.15389896929264069,0.08240275979042053,0.5131334662437439,0.36662542819976807,0.12907302379608154,0.07601271271705627,0,0.0,0,0.0,1,1.0,1,1.0,1,1.0,0.07149620950222016
557,0.2,1,0.11725002527236938,0.031542009115219115,0.5136888027191162,0.1948734164237976,0.1800209879875183,0.07218645811080933,0,0.0,0,0.0,1,1.0,1,1.0,1,1.0,0.08570801615715026
161,0.2,1,0.10370850563049316,0.021747517585754394,0.6195945739746094,0.23855060338974,0.31611737608909607,0.11788651943206788,0,0.0,0,0.0,1,1.0,1,1.0,1,1.0,0.08196098804473877
231,0.2,1,0.06348645687103271,0.0258000910282135,0.5176675319671631,0.3122571349143982,0.2975239157676697,0.19603022336959838,4,1.8,1,0.6,0,0.4,1,0.8,1,1.0,0.03768636584281922
531,0.2,1,0.07261791825294495,0.06780186891555787,0.387961745262146,0.30935020446777345,0.1383083164691925,0.09535267353057861,0,0.0,0,0.0,1,1.0,1,1.0,1,1.0,0.004816049337387079
124,0.2,1,0.1468299925327301,0.05018874406814575,0.554220974445343,0.18291702270507812,0.24389535188674927,0.0955193281173706,0,0.0,0,0.0,1,1.0,1,1.0,1,1.0,0.09664124846458436
637,0.2,1,0.02007681131362915,0.008990108966827393,0.47046709060668945,0.288804292678833,0.0845843255519867,0.07953829169273377,0,0.0,0,0.0,1,1.0,1,1.0,1,1.0,0.011086702346801758
113,0.2,1,0.04584507644176483,0.03539246916770935,0.48192334175109863,0.1509909749031067,0.2339290976524353,0.10947991013526917,0,0.0,0,0.0,1,1.0,1,1.0,1,1.0,0.010452607274055482
308,0.2,1,0.05061355233192444,0.04996472299098968,0.6022440195083618,0.33524667024612426,0.2604268193244934,0.17385901808738707,0,0.0,0,0.0,1,1.0,1,1.0,1,1.0,0.0006488293409347562
382,0.2,1,0.020347297191619873,-0.025307077169418334,0.3259783983230591,0.20164163112640382,0.060482144355773926,0.0011352717876434327,0,0.0,0,0.0,1,1.0,1,1.0,1,1.0,0.04565437436103821
667,0.2,255,0.0585201233625412,0.006035561859607697,0.5557599067687988,0.32514309883117676,0.05499766021966934,0.018682532012462616,2881,159.2,0,0.0,0,0.0,0,0.0,0,0.0,0.0524845615029335
181,0.2,1,0.09990350902080536,0.040711638331413266,0.45182716846466064,0.16838818788528442,0.2577888071537018,0.09231717586517334,0,0.0,0,0.0,1,1.0,1,1.0,1,1.0,0.05919187068939209
418,0.2,1,0.2058333456516266,0.0825547993183136,0.5125894546508789,0.23798378705978393,0.31696438789367676,0.1389793336391449,0,0.0,0,0.0,1,1.0,1,1.0,1,1.0,0.12327854633331299
19,0.2,1,0.08993963897228241,0.05278472900390625,0.5013240575790405,0.34703669548034666,0.12060782313346863,0.08853934705257416,2,3.2,1,0.4,0,0.6,1,0.8,1,0.8,0.03715490996837616
202,0.2,1,0.010682031512260437,-0.0033283501863479613,0.633392333984375,0.3194600582122803,0.20313680171966553,0.10909634828567505,0,0.0,0,0.0,1,1.0,1,1.0,1,1.0,0.014010381698608399
398,0.2,1,0.23534590005874634,0.1527219295501709,0.598580002784729,0.383178174495697,0.221302330493927,0.1384320378303528,0,0.0,0,0.0,1,1.0,1,1.0,1,1.0,0.08262397050857545
90,0.2,1,0.1407998502254486,0.05309412777423859,0.5489598512649536,0.3341929793357849,0.17875558137893677,0.07495247423648835,64,9.0,1,0.6,0,0.4,0,0.6,0,0.8,0.08770572245121003
274,0.2,1,0.11098635196685791,0.028482609987258913,0.5393768548965454,0.23461511135101318,0.3279176950454712,0.1264646589756012,7,1.4,1,0.2,0,0.8,0,0.8,1,1.0,0.082503741979599
433,0.2,1,0.06128132343292236,0.06399272680282593,0.5443035960197449,0.43186291456222536,0.1748945415019989,0.1286257803440094,4,10.8,1,0.8,0,0.2,1,0.6,1,0.8,-0.0027114033699035672
385,0.2,1,0.2612832486629486,0.1333954006433487,0.6767143607139587,0.3276734709739685,0.3384498506784439,0.19052861034870147,0,0.0,0,0.0,1,1.0,1,1.0,1,1.0,0.1278878480195999
719,0.2,1,0.12070846557617188,0.06818858981132507,0.4138110876083374,0.2389886975288391,0.21755072474479675,0.12464122772216797,0,0.0,0,0.0,1,1.0,1,1.0,1,1.0,0.052519875764846805
715,0.2,1,0.1520887017250061,0.048241022229194644,0.6212442517280579,0.24354174137115478,0.30725640058517456,0.11509573459625244,0,0.0,0,0.0,1,1.0,1,1.0,1,1.0,0.10384767949581146
28,0.2,1,0.034801021218299866,0.037368854880332945,0.5454688668251038,0.3976298809051514,0.22958442568778992,0.1709154725074768,0,0.0,0,0.0,1,1.0,1,1.0,1,1.0,-0.0025678336620330797
91,0.2,1,0.10121002793312073,0.08611702620983124,0.38991546630859375,0.2703694462776184,0.06408551335334778,0.05951876044273376,0,0.0,0,0.0,1,1.0,1,1.0,1,1.0,0.015093001723289493
728,0.2,1,0.15078777074813843,0.05020272135734558,0.48188579082489014,0.23763082027435303,0.3161817193031311,0.13575982451438903,0,0.0,0,0.0,1,1.0,1,1.0,1,1.0,0.10058504939079285
655,0.2,2,0.09961432218551636,-0.026950156688690184,0.6719707250595093,0.29391292333602903,0.32356202602386475,0.0666877806186676,21,-0.6,0,0.0,0,0.8,0,1.0,0,1.0,0.12656447887420655
603,0.2,1,0.03625322878360748,-0.024267670512199403,0.5452527403831482,0.27131656408309934,0.15222758054733276,0.05756998658180237,0,0.0,0,0.0,1,1.0,1,1.0,1,1.0,0.06052089929580688
338,0.2,358,0.039428889751434326,-0.00015199929475784302,0.5864004492759705,0.4121787667274475,0.09132710844278336,0.02471580058336258,4663,857.2,0,0.0,0,0.0,0,0.0,0,0.0,0.03958088904619217
562,0.2,10,-0.059896111488342285,-0.0045412003993988035,0.5242033004760742,0.3189411640167236,0.2145388424396515,0.1561694085597992,18,6.8,0,0.0,0,0.0,0,0.0,0,0.2,-0.055354911088943484
470,0.2,1,0.14611929655075073,0.14411373138427735,0.5437503457069397,0.39042004346847536,0.2885482907295227,0.22931225895881652,0,0.0,0,0.0,1,1.0,1,1.0,1,1.0,0.0020055651664733776
323,0.2,1,0.15588057041168213,0.12589778900146484,0.35853511095046997,0.32176408767700193,0.19310986995697021,0.17178624272346496,0,0.0,0,0.0,1,1.0,1,1.0,1,1.0,0.02998278141021729
199,0.2,1,0.159822016954422,0.06068195104598999,0.41784775257110596,0.16608957052230836,0.08208775520324707,0.05352251529693604,0,0.0,0,0.0,1,1.0,1,1.0,1,1.0,0.09914006590843201
4,0.2,1,0.04763436317443848,0.01944577693939209,0.49748754501342773,0.3499081373214722,0.2631746530532837,0.1587418019771576,1,0.0,1,0.0,0,1.0,1,1.0,1,1.0,0.028188586235046387
594,0.2,22,-0.039218440651893616,0.00916963815689087,0.4477887749671936,0.07183412313461304,-0.0025897622108459473,0.007993000745773315,-21,8.6,0,0.0,1,0.0,1,0.0,1,0.0,-0.048388078808784485
0,0.2,1,0.03318879008293152,0.028465595841407777,0.5565910935401917,0.2567585587501526,0.2445596158504486,0.14564607739448548,0,0.0,0,0.0,1,1.0,1,1.0,1,1.0,0.004723194241523742
682,0.2,1,0.07979655265808105,0.04212079644203186,0.4441160559654236,0.23269298076629638,0.23573607206344604,0.1273634374141693,0,0.0,0,0.0,1,1.0,1,1.0,1,1.0,0.0376757562160492
277,0.2,1,0.1250106394290924,0.10349293947219848,0.48626089096069336,0.33094569444656374,0.15200495719909668,0.1373271644115448,0,0.0,0,0.0,1,1.0,1,1.0,1,1.0,0.021517699956893926
6,0.2,1,0.042148470878601074,0.07776106595993042,0.5528437495231628,0.3191384196281433,0.086454376578331,0.10603953301906585,0,0.8,0,0.4,1,0.6,1,1.0,1,1.0,-0.03561259508132934
208,0.2,1,0.05450151860713959,0.03137385845184326,0.547768771648407,0.2042074680328369,0.16082939505577087,0.06530439257621765,0,0.0,0,0.0,1,1.0,1,1.0,1,1.0,0.023127660155296326
279,0.2,1,-0.012318849563598633,-0.00040712952613830566,0.4703623056411743,0.3545983672142029,0.16301998496055603,0.1294325888156891,0,0.4,0,0.4,1,0.6,1,1.0,1,1.0,-0.011911720037460327
322,0.2,1,-0.042436569929122925,-0.009117543697357178,0.4560850262641907,0.26586265563964845,0.004189431667327881,0.038997220993041995,0,0.0,0,0.0,1,1.0,1,1.0,1,1.0,-0.03331902623176575
566,0.2,1,0.1580459475517273,0.10170232057571411,0.6278197765350342,0.3999923348426819,0.21716737747192383,0.1672450363636017,0,0.0,0,0.0,1,1.0,1,1.0,1,1.0,0.05634362697601318
219,0.2,1,0.19990094006061554,0.07939100861549378,0.5506989359855652,0.3122556686401367,0.2884797155857086,0.12433111667633057,6,0.0,1,0.0,0,1.0,0,1.0,1,1.0,0.12050993144512176
717,0.2,1,0.15508756041526794,0.04229976534843445,0.4829656481742859,0.10826321840286254,0.2541501522064209,0.05567233562469483,0,0.0,0,0.0,1,1.0,1,1.0,1,1.0,0.1127877950668335
367,0.2,1,0.018412113189697266,0.04580216407775879,0.3256581425666809,0.20428587198257447,0.12961021065711975,0.09137296676635742,0,0.0,0,0.0,1,1.0,1,1.0,1,1.0,-0.027390050888061526
58,0.2,1,0.10777941346168518,0.044553741812705994,0.5491179823875427,0.3696766495704651,0.19715017080307007,0.0977671504020691,0,0.0,0,0.0,1,1.0,1,1.0,1,1.0,0.06322567164897919
410,0.2,1,0.06452403962612152,0.024307027459144592,0.5829263925552368,0.24978210926055908,0.2824161797761917,0.1025822252035141,15,2.2,1,1.0,0,0.0,0,1.0,0,1.0,0.04021701216697693
256,0.2,1,0.11524757742881775,0.0264151930809021,0.5113036036491394,0.2482209324836731,0.2581046223640442,0.09147467613220214,0,0.0,0,0.0,1,1.0,1,1.0,1,1.0,0.08883238434791565
316,0.2,1,0.19989371299743652,0.09481435418128967,0.373610258102417,0.20664048194885254,0.26147082448005676,0.11482378840446472,0,0.0,0,0.0,1,1.0,1,1.0,1,1.0,0.10507935881614686
188,0.2,1,0.06354537606239319,0.05682837069034576,0.5257869958877563,0.34538065195083617,0.19013983011245728,0.12152273058891297,0,0.0,0,0.0,1,1.0,1,1.0,1,1.0,0.006717005372047426
209,0.2,492,0.001683741807937622,0.03854974806308746,0.4103967547416687,0.23521811962127687,0.023478806018829346,0.027236074209213257,426,755.6,0,0.0,0,0.0,0,0.0,0,0.0,-0.03686600625514984
309,0.2,1,0.03957068920135498,0.02101389169692993,0.476138710975647,0.2578992128372192,0.17577186226844788,0.1119275450706482,0,0.0,0,0.0,1,1.0,1,1.0,1,1.0,0.01855679750442505
645,0.2,107,-0.044293105602264404,-0.020283198356628417,0.29803431034088135,0.22572546005249022,0.014667078852653503,0.010595296323299409,55,88.6,0,0.0,0,0.0,0,0.0,0,0.0,-0.024009907245635988
272,0.2,1,0.06319788098335266,0.0034159839153289793,0.5047356486320496,0.13024585247039794,0.2813241481781006,0.05910201072692871,0,0.0,0,0.0,1,1.0,1,1.0,1,1.0,0.059781897068023684
318,0.2,1,0.13376474380493164,0.06670551896095275,0.4860454201698303,0.2745468854904175,0.2535027265548706,0.14927176833152772,0,0.2,0,0.2,1,0.8,1,1.0,1,1.0,0.06705922484397889
29,0.2,1,0.13519501686096191,0.09879897236824035,0.46213299036026,0.32250577211380005,0.25696057081222534,0.17621816396713258,0,0.0,0,0.0,1,1.0,1,1.0,1,1.0,0.03639604449272156
115,0.2,1,0.0790061354637146,0.06480563879013061,0.590378999710083,0.2527728319168091,0.24466198682785034,0.141883784532547,0,0.0,0,0.0,1,1.0,1,1.0,1,1.0,0.014200496673583987
441,0.2,1,0.14660553634166718,0.14521445333957672,0.3636133670806885,0.3160396099090576,0.22546416521072388,0.21012583374977112,0,0.0,0,0.0,1,1.0,1,1.0,1,1.0,0.001391083002090454
63,0.2,1,0.1047566831111908,0.055908101797103885,0.6445966958999634,0.34332642555236814,0.2781517505645752,0.13479356169700624,0,0.0,0,0.0,1,1.0,1,1.0,1,1.0,0.04884858131408691
648,0.2,109,-0.02612435817718506,-0.046628981828689575,0.42832159996032715,0.20206065177917482,0.019020557403564453,0.012627924978733062,-8,77.8,0,0.0,0,0.0,0,0.0,0,0.0,0.020504623651504517
177,0.2,1,0.15402495861053467,0.08065017461776733,0.404330849647522,0.25886638164520265,0.22149190306663513,0.12126750946044922,0,0.0,0,0.0,1,1.0,1,1.0,1,1.0,0.07337478399276734
499,0.2,1,0.14853398501873016,0.08043001890182495,0.50733482837677,0.23941255807876588,0.2252599149942398,0.11261818408966065,36,4.6,1,0.4,0,0.6,0,0.8,0,0.8,0.06810396611690521
60,0.2,1,0.33044886589050293,0.15385110378265382,0.5463910698890686,0.2962549090385437,0.3299024999141693,0.17445712089538573,0,0.0,0,0.0,1,1.0,1,1.0,1,1.0,0.1765977621078491
365,0.2,1,0.028080493211746216,0.02443527281284332,0.35120946168899536,0.18761614561080933,0.07187257707118988,0.04550369381904602,1,0.6,1,0.6,0,0.4,1,1.0,1,1.0,0.0036452203989028945
673,0.2,1,0.05742686986923218,0.0170364111661911,0.5834264755249023,0.1276741147041321,0.18272386491298676,0.023880666494369505,0,0.0,0,0.0,1,1.0,1,1.0,1,1.0,0.040390458703041074
428,0.2,1,0.18161603808403015,0.07565835416316986,0.574898898601532,0.2812103986740112,0.31886398792266846,0.1541665494441986,0,0.0,0,0.0,1,1.0,1,1.0,1,1.0,0.10595768392086029
297,0.2,1,0.08792009949684143,0.033515486121177676,0.5276679992675781,0.27714513540267943,0.18457147479057312,0.08181358873844147,65,0.8,1,0.2,0,0.8,0,1.0,0,1.0,0.054404613375663755
347,0.2,1,0.016498833894729614,0.0012598931789398193,0.4281810522079468,0.28914445638656616,0.07651141285896301,0.06253836750984192,0,0.0,0,0.0,1,1.0,1,1.0,1,1.0,0.015238940715789795
669,0.2,1,0.04923394322395325,0.010148569941520691,0.6172097325325012,0.20464534759521485,0.15596818923950195,0.05962403416633606,0,0.0,0,0.0,1,1.0,1,1.0,1,1.0,0.039085373282432556
379,0.2,1,0.027348965406417847,0.00722275972366333,0.6120030879974365,0.2492921233177185,0.2816108912229538,0.09763710498809815,0,0.0,0,0.0,1,1.0,1,1.0,1,1.0,0.020126205682754517
393,0.2,1,0.031296953558921814,-0.0026666045188903807,0.45735859870910645,0.14252456426620483,0.13890375196933746,0.026876729726791383,0,0.0,0,0.0,1,1.0,1,1.0,1,1.0,0.03396355807781219
609,0.2,1,0.08924217522144318,0.06139117777347565,0.6341850757598877,0.3775816082954407,0.2193126082420349,0.11601284742355347,0,0.0,0,0.0,1,1.0,1,1.0,1,1.0,0.027850997447967527
727,0.2,1,0.0023179948329925537,0.000958108901977539,0.5831797122955322,0.3171221733093262,0.3153582513332367,0.1503954589366913,0,0.0,0,0.0,1,1.0,1,1.0,1,1.0,0.0013598859310150146
137,0.2,1,0.051513686776161194,0.026605576276779175,0.5451939702033997,0.2861306548118591,0.18872328102588654,0.08988839387893677,69,17.8,1,1.0,0,0.0,0,0.8,0,0.8,0.02490811049938202
132,0.2,1,0.23003509640693665,0.17617509961128236,0.45195698738098145,0.2874160885810852,0.2907058596611023,0.15474265813827515,0,0.0,0,0.0,1,1.0,1,1.0,1,1.0,0.053859996795654286
568,0.2,1,0.24101439118385315,0.1166973888874054,0.5317298173904419,0.30321813821792604,0.24065160751342773,0.14117997884750366,0,0.0,0,0.0,1,1.0,1,1.0,1,1.0,0.12431700229644775
230,0.2,1,0.06399014592170715,0.03998990654945374,0.40658479928970337,0.2543274641036987,0.1218063235282898,0.06401941180229187,2,1.2,1,0.6,0,0.4,1,1.0,1,1.0,0.024000239372253415
289,0.2,8,-0.0027922391891479492,0.010971748828887939,0.16434407234191895,0.11059776544570923,0.050280749797821045,0.029199254512786866,7,1.6,0,0.0,0,0.0,0,0.0,0,0.8,-0.013763988018035888
593,0.2,1,0.08155879378318787,0.07659026980400085,0.44059276580810547,0.32454546689987185,0.15665221214294434,0.10559517741203309,0,0.2,0,0.2,1,0.8,1,1.0,1,1.0,0.004968523979187012
293,0.2,1,0.1340099573135376,0.0650678038597107,0.21970272064208984,0.12526485919952393,0.13962244987487793,0.06466221809387207,0,0.0,0,0.0,1,1.0,1,1.0,1,1.0,0.0689421534538269
204,0.2,2720,7.522106170654297e-05,0.011892956495285035,0.4127187728881836,0.24388521909713745,0.006216760724782944,-0.0005369141697883606,-355,-517.8,0,0.0,0,0.0,0,0.0,0,0.0,-0.011817735433578492
503,0.2,1,0.13874435424804688,0.07383319735527039,0.5358974933624268,0.3378679990768433,0.2771555185317993,0.16108042001724243,0,0.0,0,0.0,1,1.0,1,1.0,1,1.0,0.06491115689277649
446,0.2,162,-0.07894837856292725,-0.06494340896606446,0.6697148084640503,0.5033888459205628,-0.004405945539474487,-0.011830002069473267,-111,-121.4,0,0.0,0,0.0,0,0.0,0,0.0,-0.014004969596862787
271,0.2,1,0.047594547271728516,0.009593504667282104,0.4357408285140991,0.1462985873222351,0.1105647087097168,0.06457208693027497,4,1.4,1,0.2,0,0.8,1,0.8,1,1.0,0.03800104260444641
700,0.2,1,0.05782182514667511,0.012323725223541259,0.5591531991958618,0.2452165126800537,0.2427569329738617,0.089214289188385,5,0.6,1,0.2,0,0.8,0,1.0,1,1.0,0.04549809992313385
721,0.2,1,0.24035286903381348,0.09602752923965455,0.5903196930885315,0.2716544270515442,0.3044126033782959,0.14639936089515687,0,0.0,0,0.0,1,1.0,1,1.0,1,1.0,0.14432533979415893
356,0.2,1,0.11229339241981506,0.0653181254863739,0.39080989360809326,0.23756253719329834,0.13633692264556885,0.08632587194442749,0,0.0,0,0.0,1,1.0,1,1.0,1,1.0,0.04697526693344116
663,0.2,2,-0.019946515560150146,0.002770739793777466,0.43309855461120605,0.24747928380966186,0.06634494662284851,0.08586506247520446,0,0.6,0,0.0,0,0.2,1,1.0,1,1.0,-0.02271725535392761
130,0.2,1,0.08251237869262695,0.060157382488250734,0.4838615655899048,0.3024680018424988,0.2221897542476654,0.12440239787101745,0,0.0,0,0.0,1,1.0,1,1.0,1,1.0,0.02235499620437622
569,0.2,1,0.10930114984512329,0.10369878709316253,0.3962365388870239,0.3841132640838623,0.1311085820198059,0.11902520656585694,0,0.0,0,0.0,1,1.0,1,1.0,1,1.0,0.005602362751960757
493,0.2,1,0.15982899069786072,0.010115942358970642,0.5599008798599243,0.22001341581344605,0.15770849585533142,0.024493479728698732,0,0.0,0,0.0,1,1.0,1,1.0,1,1.0,0.14971304833889007
153,0.2,1,0.06898027658462524,0.024300813674926758,0.5274319648742676,0.2990889668464661,0.05898752808570862,0.04120931625366211,1,0.4,1,0.4,0,0.6,1,1.0,1,1.0,0.044679462909698486
180,0.2,1,0.11459454894065857,0.07137184143066407,0.5661470890045166,0.3546088933944702,0.19619706273078918,0.12097289562225341,0,0.0,0,0.0,1,1.0,1,1.0,1,1.0,0.043222707509994504
139,0.2,1,0.08100540935993195,0.06550062894821167,0.5596436262130737,0.2792974472045898,0.13440752029418945,0.10592163801193237,0,0.0,0,0.0,1,1.0,1,1.0,1,1.0,0.015504780411720279
675,0.2,1,0.12212970852851868,0.05786120891571045,0.43102163076400757,0.21911213397979737,0.20709148049354553,0.10432281494140624,0,0.0,0,0.0,1,1.0,1,1.0,1,1.0,0.06426849961280823
206,0.2,2,0.0006390511989593506,-0.03236556053161621,0.4778146743774414,0.2977931141853333,0.25261059403419495,0.10306882858276367,1,-1.0,0,0.0,0,1.0,1,1.0,1,1.0,0.03300461173057556
296,0.2,1,0.12183493375778198,0.07797238528728485,0.464510977268219,0.28724558353424073,0.17627167701721191,0.08652686476707458,0,0.0,0,0.0,1,1.0,1,1.0,1,1.0,0.04386254847049713
15,0.2,1,0.021771520376205444,-0.024744027853012086,0.39961087703704834,0.25932228565216064,0.12831762433052063,0.06394662857055664,0,0.0,0,0.0,1,1.0,1,1.0,1,1.0,0.04651554822921753
523,0.2,1,0.1814296543598175,0.05990011096000671,0.5632103681564331,0.17849478721618653,0.27578476071357727,0.10123674273490905,0,0.0,0,0.0,1,1.0,1,1.0,1,1.0,0.12152954339981079
41,0.2,1,0.0842934250831604,0.029480743408203124,0.49838948249816895,0.1753522753715515,0.24169141054153442,0.07308788895606995,0,0.0,0,0.0,1,1.0,1,1.0,1,1.0,0.05481268167495727
406,0.2,1,-0.033100858330726624,-0.001479572057723999,0.6046823859214783,0.27776317596435546,0.21454757452011108,0.07875915169715882,0,0.0,0,0.0,1,1.0,1,1.0,1,1.0,-0.031621286273002626
611,0.2,1,0.12478968501091003,0.028787446022033692,0.6514638662338257,0.35352684259414674,0.13775727152824402,0.0362923800945282,0,0.0,0,0.0,1,1.0,1,1.0,1,1.0,0.09600223898887635
203,0.2,1,0.23439832031726837,0.17553193867206573,0.5285100340843201,0.38266242742538453,0.23213568329811096,0.16503751873970032,0,0.0,0,0.0,1,1.0,1,1.0,1,1.0,0.05886638164520264
93,0.2,1,0.037119120359420776,0.01568548083305359,0.40580183267593384,0.17107026576995848,0.10119721293449402,0.05944588780403137,0,0.0,0,0.0,1,1.0,1,1.0,1,1.0,0.021433639526367187
583,0.2,2,-0.04401126503944397,-0.04473062753677368,0.5707607865333557,0.368638801574707,0.18846407532691956,0.10439750552177429,-1,-0.6,0,0.0,1,0.6,1,1.0,1,1.0,0.0007193624973297133
438,0.2,2,0.004871755838394165,-0.016331946849822997,0.6059685945510864,0.3312626123428345,0.17300665378570557,0.04078306555747986,13,0.0,0,0.0,0,0.4,0,1.0,0,1.0,0.02120370268821716
131,0.2,1,-0.02107924222946167,-0.0007305443286895752,0.4665008783340454,0.35233707427978517,-0.004531741142272949,0.030300968885421754,0,0.2,0,0.2,1,0.8,1,1.0,1,1.0,-0.020348697900772095
148,0.2,32,-0.06854905188083649,-0.0023217067122459412,0.43890005350112915,0.2429242968559265,0.04564628005027771,0.046431002020835874,1,37.8,0,0.0,0,0.0,0,0.0,0,0.0,-0.06622734516859055
312,0.2,9,0.0235002338886261,-0.005586683750152588,0.3814758062362671,0.32669620513916015,0.05253586173057556,0.028236591815948488,25,-5.4,0,0.0,0,0.0,0,0.8,0,1.0,0.029086917638778687
117,0.2,4,0.05717332661151886,-0.008556890487670898,0.5322110652923584,0.12552613019943237,0.09135754406452179,0.003946751356124878,5,-1.6,0,0.0,0,0.0,0,1.0,1,1.0,0.06573021709918976
396,0.2,1,0.15928466618061066,0.059850624203681944,0.6154366135597229,0.37385833263397217,0.2343330979347229,0.11608961224555969,0,0.0,0,0.0,1,1.0,1,1.0,1,1.0,0.0994340419769287
644,0.2,1,0.01855972409248352,0.0031802475452423094,0.3688352108001709,0.20688865184783936,0.1265053153038025,0.05283266305923462,0,0.0,0,0.0,1,1.0,1,1.0,1,1.0,0.01537947654724121
488,0.2,1,0.19338488578796387,0.10432174801826477,0.4471227526664734,0.2912193536758423,0.2532792389392853,0.17667747735977174,0,0.0,0,0.0,1,1.0,1,1.0,1,1.0,0.0890631377696991
32,0.2,1,0.14332816004753113,0.050039124488830564,0.4009631276130676,0.22781256437301636,0.21959954500198364,0.1149099588394165,0,0.0,0,0.0,1,1.0,1,1.0,1,1.0,0.09328903555870056
584,0.2,1,0.10045626759529114,0.02240806818008423,0.5657803416252136,0.4103402614593506,0.3591081500053406,0.21617659330368041,0,0.0,0,0.0,1,1.0,1,1.0,1,1.0,0.07804819941520691
77,0.2,1,0.033272117376327515,0.02516563832759857,0.5228753089904785,0.42432643175125123,0.26481732726097107,0.22302769422531127,0,0.0,0,0.0,1,1.0,1,1.0,1,1.0,0.008106479048728944
220,0.2,1,0.15836820006370544,0.0242498517036438,0.3938485383987427,0.2365890383720398,0.15662279725074768,0.047720757126808164,31,0.0,1,0.0,0,1.0,0,1.0,0,1.0,0.13411834836006165
677,0.2,1,0.06598776578903198,0.0428500235080719,0.4063040614128113,0.1787400484085083,0.20532691478729248,0.08722972869873047,0,0.0,0,0.0,1,1.0,1,1.0,1,1.0,0.023137742280960084
288,0.2,1,0.004711329936981201,0.010997927188873291,0.14164763689041138,0.13948558568954467,-0.04005122184753418,0.03090829849243164,0,0.0,0,0.0,1,1.0,1,1.0,1,1.0,-0.00628659725189209
681,0.2,1,0.07259339094161987,0.04896376132965088,0.5827831029891968,0.4405559778213501,0.20926272869110107,0.14650208353996277,0,0.0,0,0.0,1,1.0,1,1.0,1,1.0,0.023629629611968996
197,0.2,1,0.05031493306159973,0.004144611954689026,0.6012870073318481,0.17278776168823243,0.13945940136909485,0.048624956607818605,0,0.0,0,0.0,1,1.0,1,1.0,1,1.0,0.0461703211069107
526,0.2,1,0.0369696319103241,0.013456636667251587,0.5403937101364136,0.41262571811676024,0.16476765275001526,0.12552112340927124,0,0.0,0,0.0,1,1.0,1,1.0,1,1.0,0.02351299524307251
67,0.2,1,0.20331713557243347,0.083855539560318,0.378532350063324,0.25342493057250975,0.1919495165348053,0.10750355720520019,0,0.0,0,0.0,1,1.0,1,1.0,1,1.0,0.11946159601211548
506,0.2,1,0.08288085460662842,0.029857182502746583,0.3833044171333313,0.13630861043930054,0.21440553665161133,0.07797442078590393,0,0.0,0,0.0,1,1.0,1,1.0,1,1.0,0.053023672103881835
725,0.2,1,0.08433516323566437,0.07786026000976562,0.5540479421615601,0.44045705795288087,0.26516732573509216,0.2220328629016876,0,0.0,0,0.0,1,1.0,1,1.0,1,1.0,0.006474903225898748
126,0.2,328,-0.025196492671966553,-0.023114311695098876,0.3525514602661133,0.22586687803268432,0.011938214302062988,-0.01057092547416687,11,-87.4,0,0.0,0,0.0,0,0.0,0,0.0,-0.0020821809768676765
413,0.2,1,0.1720377504825592,0.11666461527347564,0.5643373727798462,0.2912070035934448,0.3662831783294678,0.17275354266166687,0,0.0,0,0.0,1,1.0,1,1.0,1,1.0,0.05537313520908356
507,0.2,1,0.08424350619316101,0.027551084756851196,0.5652741193771362,0.1570069670677185,0.14856058359146118,0.06999175548553467,0,0.0,0,0.0,1,1.0,1,1.0,1,1.0,0.056692421436309814
243,0.2,1,0.07283720374107361,0.04697515368461609,0.43741363286972046,0.37122533321380613,0.07141625881195068,0.0627704918384552,2,0.4,1,0.4,0,0.6,1,1.0,1,1.0,0.025862050056457517
330,0.2,1,0.15236018598079681,0.0426718533039093,0.758047342300415,0.282413125038147,0.475315198302269,0.14849516451358796,7,0.0,1,0.0,0,1.0,0,1.0,1,1.0,0.10968833267688752
52,0.2,1,-0.04682701826095581,0.017484545707702637,0.5665184855461121,0.20328848361968993,0.1260014772415161,0.07785506248474121,0,0.2,0,0.2,1,0.8,1,1.0,1,1.0,-0.06431156396865845
55,0.2,1,0.12071114778518677,0.08175429701805115,0.4624292254447937,0.36288084983825686,0.21248090267181396,0.16314539313316345,0,0.0,0,0.0,1,1.0,1,1.0,1,1.0,0.03895685076713562
430,0.2,1,0.22798003256320953,0.12076298594474792,0.5096479654312134,0.2959725260734558,0.2491925060749054,0.13869305849075317,0,0.0,0,0.0,1,1.0,1,1.0,1,1.0,0.10721704661846161
133,0.2,1,0.07015815377235413,0.01986214518547058,0.5146629214286804,0.30140845775604247,0.26279813051223755,0.15312913656234742,16,1.0,1,0.4,0,0.6,0,1.0,0,1.0,0.050296008586883545
196,0.2,1,0.0875205397605896,0.07231763601303101,0.6119688749313354,0.45908570289611816,0.20739483833312988,0.1834163784980774,0,0.0,0,0.0,1,1.0,1,1.0,1,1.0,0.015202903747558588
463,0.2,1,0.11341699957847595,0.09132905006408691,0.43748313188552856,0.32009454965591433,0.26372820138931274,0.19642865061759948,0,0.0,0,0.0,1,1.0,1,1.0,1,1.0,0.02208794951438904
57,0.2,1,0.064686119556427,0.04163853526115417,0.3780616521835327,0.25860620737075807,0.2717795670032501,0.16486237645149232,0,0.0,0,0.0,1,1.0,1,1.0,1,1.0,0.02304758429527283
684,0.2,1,0.11075788736343384,0.008396971225738525,0.5333828330039978,0.15906614065170288,0.29007279872894287,0.09478411674499512,1,0.0,1,0.0,0,1.0,1,1.0,1,1.0,0.10236091613769531
255,0.2,1,0.0252496600151062,0.013744527101516723,0.48414093255996704,0.3634274959564209,0.039090752601623535,0.016221243143081664,5,5.6,1,0.6,0,0.4,0,0.8,1,0.8,0.011505132913589478
321,0.2,1,-0.014916807413101196,0.06878721117973327,0.2839996814727783,0.2768584132194519,0.04096075892448425,0.11869344115257263,0,0.0,0,0.0,1,1.0,1,1.0,1,1.0,-0.08370401859283447
540,0.2,1,0.1300443857908249,0.1278779149055481,0.4359414577484131,0.4493669390678406,0.20741808414459229,0.22614436149597167,0,0.0,0,0.0,1,1.0,1,1.0,1,1.0,0.0021664708852768
155,0.2,1,0.10538230836391449,0.07080268561840057,0.49026918411254883,0.26732391119003296,0.1511962115764618,0.100849187374115,0,0.0,0,0.0,1,1.0,1,1.0,1,1.0,0.03457962274551392
378,0.2,1,0.09450067579746246,0.011468040943145751,0.4739261865615845,0.2336737871170044,0.2157929241657257,0.08796848058700561,0,0.0,0,0.0,1,1.0,1,1.0,1,1.0,0.08303263485431671
395,0.2,1,0.21026895940303802,0.16359053552150726,0.4907451868057251,0.3813430666923523,0.20563390851020813,0.13907880783081056,0,0.0,0,0.0,1,1.0,1,1.0,1,1.0,0.04667842388153076
229,0.2,1,0.0073528289794921875,0.016414320468902587,0.5796918869018555,0.4437304258346558,0.24096593260765076,0.18526580333709716,0,0.0,0,0.0,1,1.0,1,1.0,1,1.0,-0.009061491489410399
431,0.2,1,0.09595543146133423,0.042480054497718814,0.4588315486907959,0.3865097761154175,0.17754045128822327,0.12558494806289672,0,0.0,0,0.0,1,1.0,1,1.0,1,1.0,0.053475376963615415
580,0.2,27,0.06161060929298401,-0.024300438165664674,0.634645938873291,0.3939189314842224,0.16360152512788773,0.07763075232505798,179,12.2,0,0.0,0,0.0,0,0.0,0,0.0,0.08591104745864868
176,0.2,1,0.11970345675945282,0.04901149272918701,0.7382587194442749,0.3787630796432495,0.32140806317329407,0.1044300377368927,0,0.0,0,0.0,1,1.0,1,1.0,1,1.0,0.07069196403026581
278,0.2,1,0.02023625373840332,0.011508724093437195,0.43287622928619385,0.2592814564704895,0.13227513432502747,0.08295277357101441,0,0.0,0,0.0,1,1.0,1,1.0,1,1.0,0.008727529644966125
585,0.2,1,0.19145400822162628,0.11061904430389405,0.5000792145729065,0.3500922441482544,0.20818305015563965,0.12557599246501921,1,3.2,1,0.2,0,0.8,1,0.8,1,0.8,0.08083496391773223
475,0.2,1,0.16170687973499298,0.04140394926071167,0.5367149114608765,0.3420174837112427,0.2831710875034332,0.13256630897521973,0,0.0,0,0.0,1,1.0,1,1.0,1,1.0,0.12030293047428131
467,0.2,1,0.05062347650527954,0.04534884095191956,0.390613317489624,0.39972625970840453,0.19837838411331177,0.21946848034858704,0,0.0,0,0.0,1,1.0,1,1.0,1,1.0,0.005274635553359983
515,0.2,1,0.1168159693479538,0.08347879350185394,0.6133676767349243,0.4489068388938904,0.22543564438819885,0.17022350430488586,0,0.0,0,0.0,1,1.0,1,1.0,1,1.0,0.033337175846099854
731,0.2,1,0.06621626019477844,-0.005644315481185913,0.5173147320747375,0.03882477283477783,0.08959507942199707,-0.004368621110916138,0,0.0,0,0.0,1,1.0,1,1.0,1,1.0,0.07186057567596435
360,0.2,1,0.09249159693717957,0.0866769552230835,0.5605682134628296,0.4751875281333923,0.28908365964889526,0.23662463426589966,0,0.0,0,0.0,1,1.0,1,1.0,1,1.0,0.005814641714096069
371,0.2,1,0.11569149792194366,0.07309437394142151,0.4626694917678833,0.3042131304740906,0.19736197590827942,0.1416959285736084,0,0.0,0,0.0,1,1.0,1,1.0,1,1.0,0.04259712398052215
579,0.2,1,0.31011347472667694,0.21855961680412292,0.598760724067688,0.466400671005249,0.33015763759613037,0.23032551407814025,0,0.0,0,0.0,1,1.0,1,1.0,1,1.0,0.09155385792255402
560,0.2,1,0.07790109515190125,0.021340435743331908,0.42334699630737305,0.22086285352706908,0.15888023376464844,0.07162640690803528,0,0.0,0,0.0,1,1.0,1,1.0,1,1.0,0.05656065940856934
151,0.2,1,-0.007910966873168945,0.011027821898460388,0.3436098098754883,0.22969197034835814,0.04530879855155945,0.03984937071800232,0,0.0,0,0.0,1,1.0,1,1.0,1,1.0,-0.018938788771629335
261,0.2,1,0.11214515566825867,0.07011284232139588,0.32493889331817627,0.207088840007782,0.2018144726753235,0.116497802734375,0,0.0,0,0.0,1,1.0,1,1.0,1,1.0,0.04203231334686279
625,0.2,1,0.08299721777439117,0.01541338860988617,0.44769299030303955,0.2582149863243103,0.11724792420864105,0.05057270526885986,3,0.6,1,0.2,0,0.8,1,1.0,1,1.0,0.067583829164505
328,0.2,1,0.14019429683685303,0.08557766079902648,0.509493350982666,0.3013295650482178,0.1413956880569458,0.08488733768463134,2,0.0,1,0.0,0,1.0,1,1.0,1,1.0,0.054616636037826544
165,0.2,55,-0.0549519807100296,-0.048042935132980344,0.4926604628562927,0.31650021076202395,0.005817577242851257,0.007224047183990478,-27,-25.2,0,0.0,0,0.0,0,0.0,0,0.2,-0.006909045577049258
563,0.2,1,0.12118318676948547,0.050936758518218994,0.6225575804710388,0.32422555685043336,0.2499561309814453,0.1070533812046051,0,0.0,0,0.0,1,1.0,1,1.0,1,1.0,0.07024642825126648
552,0.2,1,0.15773959457874298,0.09708815515041351,0.4188143014907837,0.25144734382629397,0.21857711672782898,0.1410262405872345,0,0.0,0,0.0,1,1.0,1,1.0,1,1.0,0.06065143942832947
304,0.2,1,0.09974321722984314,0.09351093769073486,0.5921279788017273,0.49871058464050294,0.2715112566947937,0.2644244790077209,0,0.0,0,0.0,1,1.0,1,1.0,1,1.0,0.006232279539108279
69,0.2,1,0.09625521302223206,0.06656667590141296,0.34064948558807373,0.2413058400154114,0.1334485411643982,0.08371514678001404,0,0.0,0,0.0,1,1.0,1,1.0,1,1.0,0.029688537120819092
366,0.2,1,0.07157844305038452,0.048500096797943114,0.4801294803619385,0.36695038080215453,0.19098541140556335,0.1484351634979248,0,0.0,0,0.0,1,1.0,1,1.0,1,1.0,0.023078346252441408
23,0.2,1,0.07114249467849731,0.040314704179763794,0.4872003197669983,0.22768477201461793,0.11550652980804443,0.07808950543403625,0,0.0,0,0.0,1,1.0,1,1.0,1,1.0,0.03082779049873352
524,0.2,1,-0.0031442642211914062,0.0039101183414459225,0.5595892667770386,0.3223572731018066,0.04937183856964111,0.0661217987537384,0,0.0,0,0.0,1,1.0,1,1.0,1,1.0,-0.007054382562637329
422,0.2,1,0.16416504979133606,0.07914645671844482,0.45491641759872437,0.3298258543014526,0.30074334144592285,0.22739335298538207,0,0.0,0,0.0,1,1.0,1,1.0,1,1.0,0.08501859307289124
726,0.2,2,0.009754464030265808,-0.015795400738716124,0.553735613822937,0.286014199256897,0.2284357100725174,0.10963269174098969,81,0.0,0,0.0,0,0.0,0,1.0,0,1.0,0.025549864768981932
246,0.2,1,0.017979830503463745,0.021520829200744628,0.4717065095901489,0.35324299335479736,0.34036535024642944,0.2207558870315552,0,0.8,0,0.8,1,0.2,1,1.0,1,1.0,-0.0035409986972808824
97,0.2,1,0.16406148672103882,0.019285935163497924,0.5625672936439514,0.1741449475288391,0.3102482557296753,0.10260761380195618,2,0.0,1,0.0,0,1.0,1,1.0,1,1.0,0.1447755515575409
16,0.2,1,0.18628361821174622,0.10745084285736084,0.44550061225891113,0.31348165273666384,0.22289788722991943,0.12005021572113037,0,0.0,0,0.0,1,1.0,1,1.0,1,1.0,0.07883277535438538
723,0.2,1,0.008189201354980469,-0.002084004878997803,0.4747897982597351,0.3633378028869629,0.08225679397583008,0.05389072895050049,0,0.0,0,0.0,1,1.0,1,1.0,1,1.0,0.01027320623397827
